388 202
878 599
259 282
717 135
924 691
626 745
291 918
939 673
800 262
511 212
958 262
311 368
134 64
441 336
593 817
267 340
846 681
200 582
952 373
360 822
776 583
688 384
516 219
179 756
710 32
442 434
49 787
594 677
841 820
883 833
651 796
35 315
774 206
358 423
481 718
656 676
497 539
121 322
217 544
835 786
488 663
766 497
458 822
996 59
191 89
360 40
840 124
823 925
672 375
567 487
646 401
903 274
836 328
365 590
779 983
196 719
476 328
752 667
237 452
609 381
676 568
515 165
283 782
569 131
787 4
422 645
529 728
123 24
713 899
889 458
238 11
949 110
666 640
825 526
398 704
82 499
634 689
626 337
14 223
760 749
894 754
799 161
410 768
337 244
514 453
610 464
987 816
966 282
149 555
244 962
451 508
376 23
398 764
719 123
100 209
466 32
807 748
438 831
352 758
451 128
139 225
662 926
11 724
623 202
71 878
965 379
916 791
67 47
472 542
86 155
981 654
482 963
587 481
89 836
512 40
475 25
329 74
89 499
204 34
162 110
611 856
65 294
76 88
633 178
110 179
465 266
935 419
305 973
885 727
236 803
424 145
706 111
112 781
326 287
399 157
460 977
424 313
392 149
751 795
171 312
654 159
337 129
406 508
112 751
915 340
931 705
766 371
551 479
943 739
670 429
433 581
849 321
729 11
110 103
259 368
360 978
651 493
774 902
511 232
792 204
307 42
489 156
676 14
160 628
229 423
571 296
736 123
682 237
843 476
169 718
700 607
402 887
732 826
650 280
177 815
742 622
670 205
58 657
941 814
483 565
633 691
198 900
596 702
476 858
242 307
4 829
18 566
878 981
583 73
732 329
82 550
503 992
762 107
845 759
927 797
413 356
562 796
60 929
616 392
403 872
