777 834
726 880
510 474
487 814
486 383
356 906
72 539
792 579
61 1000
111 984
306 266
475 374
654 128
828 136
125 654
382 379
725 102
618 405
126 603
547 368
910 330
738 331
680 729
151 720
34 824
499 809
747 415
465 413
554 579
216 371
444 105
245 732
577 253
425 494
622 443
512 667
6 566
699 162
384 947
343 581
75 322
322 35
741 273
732 470
147 704
650 445
109 796
585 447
252 329
530 469
796 391
749 22
860 928
189 664
939 281
190 602
969 651
715 526
900 622
559 522
651 706
908 433
656 820
979 297
977 128
918 568
893 979
298 708
642 626
249 683
811 646
902 548
629 653
609 562
141 528
548 694
926 413
988 918
112 427
869 504
432 161
45 135
1000 207
756 166
19 274
976 657
807 6
179 410
336 670
317 199
654 848
768 916
808 751
320 614
912 545
412 627
202 714
555 959
683 926
281 686
141 904
276 266
796 735
424 505
475 225
808 136
629 422
472 256
339 966
396 161
444 530
59 254
890 769
25 846
70 942
844 395
342 716
258 740
495 836
441 586
238 624
693 671
230 695
172 83
207 628
356 775
905 263
831 556
355 306
472 547
888 606
192 499
594 944
722 453
870 582
179 459
365 942
541 278
601 492
713 158
385 844
270 644
307 83
795 586
765 138
799 82
969 245
1000 35
973 734
385 524
13 881
419 874
810 300
188 636
957 633
75 475
954 825
531 757
3 184
153 6
192 302
22 346
337 123
963 706
479 671
90 524
741 134
130 317
456 816
980 827
494 893
675 399
639 276
244 560
472 637
969 119
880 904
737 149
604 736
728 419
595 150
601 254
584 960
667 562
500 207
459 866
455 390
567 426
80 514
543 796
672 617
367 339
317 259
91 734
38 546
357 309
740 484
414 596
251 554
199 429
488 434
821 372
503 708
535 313
371 644
54 536
767 210
25 734
512 787
761 160
282 294
794 501
169 756
643 984
231 796
570 263
924 976
916 40
584 211
241 640
590 282
476 22
465 923
574 178
550 232
2 328
665 638
153 580
366 813
473 566
349 322
727 694
382 961
457 34
302 728
63 500
331 819
311 569
495 420
535 454
120 373
575 791
552 419
394 202
790 294
124 364
55 773
413 14
474 933
406 400
770 249
102 624
194 849
125 958
755 139
425 622
945 698
518 824
447 854
42 453
375 384
528 113
384 563
892 585
118 666
307 506
784 640
600 237
48 567
768 318
207 190
450 98
913 603
514 310
647 881
469 453
612 639
846 626
563 776
465 908
318 30
208 316
626 525
54 678
16 612
631 932
385 428
675 163
838 656
520 673
576 666
240 673
446 320
387 626
589 952
849 554
848 673
258 548
545 318
545 521
202 994
584 793
661 60
748 348
762 395
419 870
185 606
764 526
449 438
832 656
247 496
917 49
431 582
945 461
438 112
574 491
43 234
735 274
339 310
527 839
621 987
889 626
478 311
714 401
579 306
210 120
648 336
720 764
242 139
230 668
706 706
225 46
801 166
109 183
223 768
478 230
937 695
500 363
549 791
182 490
472 751
569 687
687 111
391 634
545 702
519 736
982 524
619 193
430 189
185 94
447 876
465 817
301 428
539 414
682 485
461 520
791 189
78 532
679 921
355 834
873 954
824 714
395 390
916 241
536 716
552 697
585 631
882 735
502 260
594 972
15 742
843 443
884 946
560 203
97 979
487 789
768 446
572 848
469 323
139 435
611 219
269 693
923 101
837 93
619 135
799 616
601 601
956 824
959 257
676 262
546 185
806 640
790 402
924 299
579 841
245 624
861 184
76 704
614 671
391 210
404 881
205 333
475 414
405 878
789 461
364 931
288 700
986 217
942 608
259 19
981 466
395 569
138 891
867 39
37 892
328 421
791 500
749 462
722 976
764 593
608 864
937 574
136 385
111 842
379 546
270 752
820 624
455 641
411 609
926 799
8 554
772 563
536 127
684 524
503 842
60 706
334 744
994 875
438 893
827 99
905 543
629 580
431 835
315 325
655 468
904 323
135 763
525 122
600 599
505 940
574 262
647 375
359 629
733 779
780 714
915 486
447 903
567 178
707 956
479 231
190 688
603 256
575 209
675 100
234 796
342 634
804 339
163 818
76 827
726 560
612 376
895 776
357 935
839 74
997 675
248 748
789 412
746 613
723 368
787 495
296 393
504 71
649 814
651 320
404 398
106 970
679 287
22 978
625 459
684 301
523 528
444 366
30 560
832 569
434 389
594 497
698 536
396 141
551 399
237 752
297 676
985 782
190 547
754 184
65 767
518 260
753 391
729 728
290 663
153 638
343 484
209 990
438 6
427 879
692 673
97 812
772 415
711 266
325 796
905 373
630 246
236 679
689 581
299 514
349 790
441 10
419 410
512 582
891 506
380 840
352 946
56 325
335 419
477 526
535 326
892 863
399 363
589 386
280 599
245 868
275 350
878 984
80 81
913 291
547 730
840 563
709 633
259 614
768 426
567 216
489 759
9 452
415 868
450 896
5 750
574 221
125 314
82 794
362 568
348 217
610 128
275 354
792 827
504 575
432 828
349 567
653 208
70 749
50 957
38 680
513 541
6 708
397 940
382 670
588 313
849 516
77 568
122 436
548 692
620 452
393 843
20 298
606 191
320 532
187 889
449 309
705 471
629 218
422 973
552 617
289 835
537 534
841 347
310 150
628 511
614 176
131 57
291 340
262 155
809 387
161 880
601 352
357 803
645 568
126 591
239 246
980 353
867 282
706 414
794 425
573 278
587 914
960 638
561 292
303 559
285 723
399 624
474 225
7 794
635 402
943 931
157 934
473 942
732 832
121 928
580 458
885 63
105 523
579 434
382 183
435 194
422 324
73 973
1 861
856 316
684 844
426 126
261 856
684 296
733 482
20 44
819 584
821 717
839 552
510 944
92 104
255 713
351 756
843 546
82 400
554 840
692 420
431 504
582 8
215 439
832 611
701 169
463 307
713 507
573 530
285 410
850 749
790 332
133 29
975 824
639 872
443 734
683 683
374 760
574 389
717 651
221 808
647 989
978 776
686 365
598 471
204 558
389 410
95 629
692 604
999 754
549 446
899 2
88 556
707 294
314 582
328 378
279 421
682 103
6 26
235 628
181 916
391 370
808 300
329 740
745 495
648 576
661 689
64 190
558 330
83 470
254 491
330 238
142 481
346 116
484 424
637 218
215 693
386 344
713 702
139 657
288 287
433 404
145 62
434 41
35 500
447 18
280 141
10 928
20 752
836 70
825 638
341 972
576 241
845 746
595 984
248 351
439 328
726 450
40 292
504 739
964 251
280 530
339 593
266 712
635 462
837 126
505 423
114 533
804 381
841 795
411 610
300 273
858 468
340 961
400 176
676 575
860 694
809 445
881 606
757 484
237 689
742 560
657 734
798 229
868 708
56 759
76 840
873 316
358 346
886 740
474 70
492 953
863 256
292 552
432 891
462 469
519 721
257 478
73 997
960 345
333 279
5 242
686 113
363 656
763 45
860 755
72 391
564 992
449 581
138 56
144 1
621 366
395 339
21 784
408 867
251 742
388 153
851 59
866 1000
988 156
400 479
615 758
246 47
925 14
682 94
61 860
627 856
653 424
159 924
747 898
522 715
733 546
591 327
690 342
442 724
493 308
223 451
537 138
956 1000
906 765
718 85
739 60
538 591
798 486
855 70
500 761
795 474
104 680
852 988
683 95
599 929
310 506
783 144
370 266
168 812
595 374
395 476
329 348
640 163
296 274
483 943
567 399
901 376
659 617
364 159
836 724
331 676
351 116
455 554
425 302
460 332
829 723
742 994
696 743
116 583
576 951
246 336
515 716
125 538
549 932
835 79
846 283
147 694
89 806
167 79
330 800
121 587
22 556
422 706
881 762
265 748
246 687
489 236
847 64
980 14
735 991
915 563
377 569
504 131
953 266
321 342
672 319
731 65
968 834
172 412
481 300
534 503
495 506
615 841
86 559
698 505
586 365
240 129
118 610
679 808
710 429
288 736
512 85
534 294
979 550
489 830
892 271
468 842
221 667
570 992
283 323
157 518
799 3
323 476
940 834
294 456
439 314
533 283
231 675
860 744
580 1000
406 316
111 669
761 386
465 518
871 80
448 456
247 260
40 888
633 93
214 599
661 280
849 415
314 623
632 895
17 549
120 658
998 859
107 455
294 282
570 228
721 208
574 350
115 628
136 253
174 420
216 584
537 744
747 55
437 788
397 194
616 275
569 725
643 218
539 449
115 308
665 338
499 701
417 912
756 403
157 853
43 816
262 703
486 516
580 204
372 975
890 42
240 463
503 272
881 463
463 638
23 604
729 138
910 1
87 503
708 218
491 882
933 232
243 764
555 514
118 496
633 348
77 994
890 272
498 548
719 545
374 422
885 537
688 396
633 266
589 459
126 476
392 947
507 826
466 863
880 943
686 141
840 869
659 110
971 363
159 106
216 636
445 718
908 964
692 949
262 798
90 608
863 79
754 679
878 244
811 74
716 132
602 529
13 936
369 646
726 248
639 946
540 221
254 411
679 356
479 833
714 551
527 367
280 638
504 803
747 626
622 886
46 673
480 920
635 125
545 479
283 46
375 553
621 583
710 520
834 413
160 105
249 242
562 356
307 434
581 376
550 314
600 611
370 575
528 126
175 614
654 467
475 774
798 71
450 192
332 105
59 649
626 357
640 309
327 595
654 143
403 311
854 528
742 64
422 692
234 51
256 600
799 449
708 467
390 326
530 853
609 481
412 304
187 306
138 462
243 376
787 394
669 198
207 331
662 460
811 755
62 839
792 877
3 614
626 872
510 557
888 8
269 409
920 791
483 66
304 79
241 683
792 361
137 776
891 416
167 802
405 430
414 539
865 321
295 466
82 328
310 76
143 78
334 362
220 123
448 479
265 351
602 773
387 664
542 379
432 291
649 202
518 459
5 613
703 97
940 242
534 594
342 111
702 208
412 275
432 715
717 492
179 899
160 500
613 233
860 66
828 418
315 428
348 793
410 687
963 127
291 544
182 669
420 851
226 650
485 366
801 112
537 398
520 213
632 412
984 911
631 861
580 507
916 107
458 933
880 72
575 378
593 542
909 440
107 499
262 740
250 656
378 780
222 431
876 537
752 654
574 176
532 751
678 168
510 818
640 586
517 772
108 923
80 600
654 161
816 398
368 456
324 245
572 647
19 510
670 258
16 840
678 120
24 301
682 248
881 16
576 715
522 765
521 492
311 87
727 146
696 417
195 424
702 507
647 463
165 321
864 931
347 829
477 186
422 283
497 484
219 211
372 921
346 117
603 607
71 547
405 146
598 396
579 160
581 582
414 859
32 608
262 592
918 431
231 634
15 276
830 670
393 396
799 739
542 303
861 939
300 89
241 437
657 576
745 794
312 995
218 209
575 239
230 126
159 394
935 245
469 2
228 764
312 753
862 560
244 612
307 804
792 396
391 642
591 756
556 691
40 69
502 256
589 610
798 730
555 438
503 338
228 357
710 126
103 791
260 744
993 693
233 760
734 71
286 402
867 530
293 712
774 102
43 912
714 449
269 448
91 294
685 718
333 351
605 213
692 427
250 736
752 928
497 800
391 803
782 573
522 796
554 278
667 289
659 981
267 159
99 946
252 668
756 455
75 166
612 261
699 642
853 312
330 156
31 685
491 484
710 92
900 764
519 258
470 952
238 756
444 201
283 426
359 456
677 709
427 114
744 414
521 514
301 712
291 337
472 403
399 166
301 66
945 6
400 186
670 567
654 141
201 901
401 772
534 236
24 595
742 556
740 52
254 804
921 572
71 819
713 754
570 299
251 267
221 692
364 971
615 343
72 508
825 522
263 509
735 680
866 680
511 400
822 518
801 702
62 690
552 296
503 562
826 82
821 889
727 981
531 314
187 95
765 675
43 639
979 53
201 12
640 369
342 570
581 384
791 20
539 185
711 220
809 600
189 612
223 578
768 596
341 763
480 229
687 280
295 360
957 334
322 394
997 743
707 80
96 511
567 236
504 201
459 235
381 147
888 911
840 336
483 519
163 714
413 983
482 331
464 800
517 359
232 634
219 26
952 855
310 620
391 886
536 430
832 179
600 733
166 466
706 465
631 100
303 451
321 306
539 176
851 972
243 370
644 581
376 332
954 368
377 626
791 134
309 333
542 712
538 516
211 444
812 575
351 574
115 737
379 649
395 859
360 129
145 382
678 311
485 417
944 960
777 376
610 312
728 633
726 202
874 342
889 341
160 648
564 176
122 648
524 320
872 275
535 764
69 483
343 501
261 66
909 46
141 39
659 840
973 971
397 902
312 607
322 616
805 705
719 554
423 473
560 624
952 119
480 643
339 824
105 743
538 206
239 672
515 934
421 827
655 999
144 455
836 513
419 386
701 739
154 689
267 514
572 748
313 336
62 659
426 617
95 798
416 823
754 904
704 768
834 369
171 627
961 331
62 877
683 242
476 913
758 580
412 154
783 186
440 858
802 635
106 800
952 707
575 461
414 390
525 424
636 586
661 203
706 516
873 756
522 603
471 867
567 781
396 883
432 308
959 360
792 355
772 168
325 992
793 696
635 876
774 36
359 398
566 786
337 354
278 404
355 126
482 760
577 407
172 794
585 761
282 783
642 555
773 483
318 371
806 66
533 501
522 908
518 149
384 890
628 104
807 576
132 445
371 844
787 606
276 490
511 140
752 465
465 861
129 618
603 369
231 361
960 874
247 3
650 335
27 505
425 399
710 152
926 44
460 515
667 563
607 406
754 38
284 720
415 349
524 547
595 450
508 296
537 526
755 2
61 539
722 602
335 440
418 681
476 424
14 701
814 636
225 671
704 506
253 578
896 266
506 832
98 868
636 310
835 86
664 323
370 448
516 700
510 498
362 652
833 904
245 659
153 761
514 343
225 644
907 671
611 763
251 386
924 806
398 882
96 567
572 612
325 413
587 465
112 232
895 2
213 210
512 355
272 536
124 744
832 907
453 646
168 170
966 607
592 646
790 22
843 770
682 405
283 345
553 404
54 666
389 373
558 231
979 222
725 163
481 875
378 636
50 69
489 572
507 489
573 782
333 971
750 288
406 815
912 558
678 426
883 19
49 831
789 614
727 76
33 126
995 836
416 177
804 494
860 311
314 759
52 808
741 631
982 731
222 526
287 330
795 329
510 455
759 48
721 642
637 302
934 400
305 389
644 864
481 496
564 731
581 852
960 230
538 391
861 40
805 113
297 708
105 620
840 542
797 380
229 473
406 586
616 334
11 619
882 617
150 476
781 17
379 179
252 619
108 540
896 774
737 623
884 480
566 474
185 695
768 332
31 111
350 351
930 297
932 804
232 648
117 189
558 416
484 319
411 863
273 306
432 576
826 545
456 533
931 134
594 396
405 860
381 616
507 353
215 449
726 78
813 571
84 346
141 563
18 981
362 989
634 436
661 466
460 530
559 806
902 233
447 386
423 568
381 795
579 974
445 226
840 438
549 749
872 74
558 500
7 875
911 84
928 911
430 170
485 924
974 336
655 413
567 702
909 48
229 454
91 186
683 179
726 540
783 367
86 638
635 939
620 258
411 869
672 158
324 732
350 364
506 615
299 351
241 610
54 492
569 622
608 762
716 820
685 432
213 129
400 207
456 913
360 165
521 782
468 8
620 434
300 419
488 676
80 287
563 642
131 652
35 634
174 743
903 496
960 131
665 222
603 934
994 999
60 74
684 386
785 371
150 634
527 750
919 305
323 814
515 802
176 672
812 892
879 594
26 280
880 692
412 539
40 568
383 551
761 910
721 411
792 581
264 164
194 566
160 664
639 210
412 874
937 184
935 63
824 964
713 142
385 387
791 563
689 724
953 184
441 566
527 464
849 337
459 546
462 77
841 666
734 527
512 665
934 24
712 757
311 461
885 544
517 306
621 228
207 111
237 40
150 573
587 155
397 278
579 258
833 726
722 485
78 645
312 725
993 421
81 966
657 452
689 792
819 214
615 174
933 167
901 53
711 259
702 99
319 99
458 992
920 799
783 320
679 593
992 521
464 806
492 769
258 962
300 588
350 319
387 788
677 838
559 290
240 234
704 172
734 397
439 464
355 470
766 43
857 555
855 463
951 309
630 428
658 551
481 350
328 504
231 663
131 694
240 662
606 975
730 545
335 682
94 511
142 728
316 520
919 77
537 695
922 683
621 470
297 86
610 150
168 679
457 827
178 778
623 167
529 384
573 622
524 106
424 122
539 843
695 273
3 944
738 268
772 587
652 467
850 549
190 114
103 26
929 237
517 293
208 116
197 249
646 122
729 648
14 39
327 207
578 509
783 343
92 791
374 386
244 602
437 852
521 907
215 341
901 710
382 234
507 250
570 464
6 887
133 704
913 891
518 606
287 461
690 202
497 679
223 701
471 300
123 226
804 596
833 554
889 287
104 225
159 583
339 783
634 647
729 533
486 240
462 849
985 826
486 70
845 418
845 662
904 448
518 429
571 947
146 607
589 543
283 498
345 375
66 546
367 391
567 655
431 556
331 315
348 556
32 162
616 495
922 728
471 769
585 613
818 366
538 431
584 488
903 91
797 209
533 732
927 436
545 643
774 196
720 321
815 516
717 233
195 782
355 562
446 190
675 296
776 227
232 444
476 95
772 862
367 982
86 970
706 515
427 32
389 912
451 433
141 946
797 402
181 737
502 368
807 175
980 351
612 260
517 664
315 809
790 357
556 192
583 848
187 155
33 443
860 976
277 409
305 363
139 610
212 204
63 986
689 93
238 505
457 434
995 570
287 175
624 606
7 706
522 211
729 641
507 98
616 359
366 346
180 413
398 321
264 61
709 224
512 779
945 806
420 23
618 570
551 931
575 803
944 841
786 130
88 211
566 943
515 200
504 756
517 752
267 703
559 771
588 18
113 644
250 586
601 486
168 427
711 90
290 269
11 194
596 232
305 780
492 671
392 701
220 712
817 763
817 352
660 226
671 294
875 534
357 231
804 203
612 988
125 636
474 779
629 230
527 731
333 408
205 119
13 912
117 548
458 304
637 602
147 430
628 136
600 38
833 204
729 246
870 318
265 665
113 856
396 796
617 589
680 252
926 790
864 404
751 184
440 392
607 939
694 784
764 672
810 725
969 256
852 303
717 168
642 435
475 909
283 51
705 483
706 164
144 260
490 512
807 383
815 519
360 824
989 221
913 257
718 530
686 309
280 506
887 14
935 403
279 722
810 106
688 393
94 631
381 922
308 579
656 286
968 172
579 968
691 87
385 446
410 864
651 309
440 189
804 481
549 640
660 635
170 108
79 279
715 486
342 476
977 251
978 668
599 357
605 453
295 592
390 168
7 619
340 443
753 426
272 659
303 358
369 254
680 793
237 874
409 606
724 736
436 216
863 126
431 319
387 854
306 91
759 497
37 593
71 519
149 523
360 764
299 335
534 246
446 660
27 705
329 274
320 736
753 690
383 644
660 369
30 588
528 273
710 653
905 994
628 754
836 341
144 896
784 94
325 611
152 463
645 419
644 880
337 651
450 394
823 646
276 683
547 403
484 248
929 293
961 955
405 363
853 161
75 596
85 604
735 365
415 699
454 503
199 793
874 610
838 791
405 422
42 58
727 405
815 317
557 391
269 199
181 503
959 716
959 42
895 726
332 304
629 447
593 446
49 682
794 86
850 312
729 439
305 510
808 376
539 746
360 121
836 94
472 796
387 136
217 889
771 383
573 471
139 773
263 288
909 113
31 515
444 831
404 284
204 385
67 264
225 144
229 149
167 645
255 274
322 568
669 376
209 713
135 564
619 143
172 481
584 514
214 526
140 656
37 129
223 844
587 979
267 258
705 404
652 543
195 400
479 922
260 414
61 577
162 588
277 443
973 182
525 264
70 792
129 781
776 367
543 444
880 286
885 231
972 658
295 395
744 515
428 784
794 624
652 913
459 176
952 997
417 855
367 135
159 573
171 596
398 551
921 573
274 522
759 680
837 424
673 101
737 62
598 468
140 99
650 569
606 540
455 483
773 583
421 353
805 513
559 1000
264 315
763 169
15 34
897 984
139 650
423 594
205 465
315 706
235 375
546 585
699 417
897 618
549 291
186 613
81 516
540 134
637 129
95 299
986 865
621 996
359 977
585 246
547 864
752 792
929 408
952 967
294 774
599 689
647 362
72 3
984 734
492 807
824 855
301 540
769 387
38 916
778 596
970 821
356 752
488 892
790 92
662 134
421 417
893 382
551 682
445 842
365 388
495 196
976 988
563 273
868 599
187 688
99 642
88 824
591 195
462 215
337 106
392 259
594 260
975 564
602 868
585 964
388 901
178 823
839 173
128 134
78 493
195 623
276 713
658 501
704 563
333 106
126 491
294 280
877 647
734 140
484 646
760 687
100 746
237 974
985 840
375 823
560 686
645 238
132 553
783 221
601 647
984 621
756 298
671 194
373 381
645 669
547 954
714 525
546 418
612 635
951 456
735 166
196 680
575 996
874 496
528 993
511 434
812 527
364 282
765 442
670 476
487 286
499 276
248 704
592 164
325 613
844 544
530 752
318 623
552 155
527 762
1000 357
667 52
332 625
505 767
565 692
178 486
5 273
457 283
30 257
549 273
182 456
187 479
853 351
92 409
229 134
323 320
535 228
619 351
671 429
694 166
236 460
890 64
432 689
762 698
583 171
403 496
189 846
345 360
990 669
585 594
48 319
195 194
87 636
279 746
511 265
924 842
102 788
827 89
880 278
866 715
820 303
908 251
798 15
499 322
384 414
384 552
383 640
340 127
931 680
875 608
217 644
880 321
143 359
60 275
160 728
143 479
43 495
368 652
315 724
140 144
33 841
470 198
681 436
712 967
682 483
503 809
117 926
15 548
442 686
603 883
379 491
494 281
909 327
729 406
633 607
647 153
669 605
405 393
192 5
758 340
502 343
694 474
206 533
566 570
150 863
51 644
303 447
177 603
455 900
540 482
575 444
75 659
530 216
948 994
332 719
272 954
920 18
632 687
467 904
991 14
581 589
255 348
951 690
363 946
462 795
256 570
650 738
459 799
895 598
708 428
520 392
751 566
208 436
134 139
412 697
211 820
375 649
673 408
694 575
645 711
193 104
838 976
819 425
231 510
515 948
593 472
885 770
263 651
167 668
560 984
622 754
694 136
94 943
674 489
372 189
253 862
827 338
994 836
906 597
258 671
513 206
282 75
552 653
580 778
323 393
47 131
320 294
372 661
33 920
630 271
372 707
175 676
795 25
267 789
419 780
456 526
347 305
970 224
658 420
395 629
371 290
642 459
937 276
335 605
611 994
405 804
472 677
439 259
827 523
295 623
496 568
97 23
758 96
983 663
386 799
599 242
68 84
686 480
309 991
534 767
841 336
59 993
556 360
51 66
620 544
274 581
466 645
360 656
768 387
239 503
702 358
25 605
234 652
401 811
381 152
482 674
481 266
138 376
160 274
684 531
355 378
27 468
55 249
528 679
781 128
652 583
972 527
564 174
361 290
151 850
540 563
916 970
476 640
482 633
404 993
323 379
122 782
624 281
769 664
202 508
455 68
150 102
22 912
83 664
801 507
772 24
718 121
496 344
191 311
467 923
727 208
427 372
783 362
256 16
542 737
421 297
126 556
788 944
183 409
789 474
637 604
509 483
609 266
681 503
558 166
800 297
699 422
457 269
461 447
765 206
6 413
760 576
349 353
158 664
903 154
556 415
870 761
389 760
625 617
526 316
65 150
483 846
584 234
545 510
809 356
638 733
800 386
762 308
719 146
405 543
728 279
501 303
547 212
330 314
390 159
557 823
220 371
920 333
441 843
260 395
334 454
131 916
449 943
734 690
83 681
958 71
724 456
279 468
561 564
382 704
363 662
797 454
771 606
719 744
578 355
50 269
199 707
900 779
646 80
981 172
395 674
356 667
69 710
831 650
519 983
211 744
417 384
115 684
599 860
918 646
953 29
25 832
776 813
490 245
414 351
720 273
34 598
981 431
545 717
695 480
230 426
744 704
490 113
433 591
510 973
687 390
965 328
571 969
809 109
807 738
461 822
6 917
900 327
41 734
162 75
18 602
484 296
495 884
42 364
322 722
20 552
6 616
462 742
462 309
474 664
771 159
435 589
748 682
706 226
996 906
214 436
223 656
599 188
965 192
833 964
602 385
987 898
832 346
532 805
127 50
692 174
561 939
877 268
985 987
532 659
661 556
249 706
115 29
303 743
712 496
798 509
139 822
785 126
940 776
900 261
467 539
108 936
541 923
204 633
969 653
444 616
885 46
623 284
204 202
313 576
167 735
681 681
619 304
645 594
141 146
153 824
581 253
193 741
536 832
864 512
551 410
90 518
663 988
730 647
147 85
948 633
171 16
822 56
512 873
591 546
249 522
715 377
594 28
679 178
972 723
997 100
713 636
484 36
224 214
978 890
367 553
447 602
304 478
339 450
289 482
922 542
145 771
699 710
962 829
375 936
313 418
527 251
708 366
120 483
876 722
603 746
392 768
705 362
321 661
969 441
406 358
1000 288
605 339
190 451
764 110
789 90
620 611
492 458
770 288
206 441
614 186
225 339
430 106
340 482
252 553
663 416
715 229
450 195
609 234
504 892
809 543
262 45
491 686
997 152
680 896
635 482
727 402
66 994
152 388
674 589
120 632
321 811
250 472
342 748
366 720
583 801
957 135
559 413
409 917
165 69
371 787
627 618
610 240
393 370
350 474
259 562
97 768
554 672
734 402
127 601
670 48
364 136
250 152
753 621
296 394
319 602
243 484
499 924
700 267
731 82
879 18
168 281
254 239
251 769
585 13
521 863
767 164
155 425
85 828
425 394
62 524
685 182
222 653
453 26
231 834
372 145
415 146
425 414
542 588
24 433
388 574
24 155
597 33
924 416
652 330
309 96
839 147
603 989
450 811
853 264
278 176
269 51
516 723
46 541
963 643
238 421
65 588
175 324
416 483
55 664
927 70
993 542
953 383
110 32
601 320
795 129
856 883
543 278
818 381
108 497
126 916
786 348
712 499
23 209
878 730
678 383
664 264
760 519
790 76
855 528
365 462
902 277
646 298
664 432
719 874
775 922
497 777
666 310
418 138
701 627
346 583
994 215
810 371
737 535
558 576
521 269
62 800
526 241
463 324
483 673
441 836
221 139
870 794
990 870
776 547
723 418
266 703
297 234
595 379
719 643
964 181
609 741
423 586
311 609
993 291
958 562
411 819
463 651
430 290
994 304
968 883
272 372
686 599
200 359
14 600
52 803
181 792
633 721
447 525
825 363
283 789
879 112
85 563
768 453
534 271
485 903
645 626
533 742
462 84
936 953
201 110
207 36
33 50
825 62
283 673
690 392
523 939
315 366
230 618
710 164
835 112
686 232
819 66
867 526
962 373
819 514
409 186
34 897
206 783
381 533
196 647
755 393
734 111
79 643
153 886
553 194
539 722
41 612
629 743
561 697
57 144
157 732
673 557
852 563
805 626
876 590
276 301
550 208
132 779
194 605
99 532
