174 255
394 123
952 384
640 312
4 671
475 840
120 637
617 252
264 513
419 663
582 255
80 544
732 88
473 817
221 344
200 345
866 536
480 849
870 735
92 118
502 328
1000 364
920 137
230 595
585 339
304 177
545 860
186 567
155 78
961 320
560 701
428 620
926 744
594 3
482 202
641 704
638 636
458 706
560 462
621 984
864 655
470 817
521 332
127 180
520 757
824 512
666 395
27 19
720 262
400 901
935 548
368 725
612 849
86 108
178 180
60 93
704 137
447 530
158 583
689 189
261 408
689 892
77 12
118 453
137 96
702 455
790 427
765 463
124 285
682 768
493 792
614 333
466 516
565 844
766 684
276 628
398 546
657 954
495 876
130 219
636 710
557 684
364 141
712 901
497 268
294 343
477 273
450 529
720 109
966 759
1000 496
297 637
735 510
673 203
632 343
932 205
836 868
702 887
862 464
267 278
506 773
81 627
836 619
212 318
558 215
751 134
182 93
489 562
230 483
25 770
190 607
892 892
934 400
25 659
975 516
529 760
238 365
587 943
248 557
424 447
736 576
901 392
540 720
274 292
390 543
591 763
381 310
900 743
986 290
518 322
306 135
585 679
367 667
437 52
707 894
832 943
661 394
306 83
344 183
336 205
628 672
992 543
300 540
885 588
452 578
808 583
650 601
670 242
958 756
526 198
286 976
461 733
432 223
446 296
352 579
848 317
640 472
657 824
976 928
433 309
825 636
602 968
684 432
806 506
997 826
270 43
201 616
962 165
965 161
385 678
704 272
496 784
509 54
24 345
79 100
810 643
138 120
857 42
160 235
708 130
835 628
206 398
405 193
422 263
414 387
425 881
559 24
112 155
915 564
262 278
396 624
55 60
902 735
816 207
934 745
750 696
616 734
638 722
182 413
598 313
296 851
249 574
221 333
581 532
957 880
809 211
960 376
172 444
212 474
374 537
390 331
955 532
40 57
729 154
606 960
326 508
271 774
914 151
360 487
73 541
321 229
401 913
903 790
622 138
750 439
502 607
430 848
576 912
549 30
290 507
361 476
713 168
142 438
710 962
524 452
677 428
521 214
746 578
794 565
435 436
436 950
857 468
817 508
60 646
581 776
960 229
780 844
695 547
514 51
78 478
585 393
830 341
474 527
389 208
630 443
951 870
703 198
49 50
452 415
815 592
930 552
443 703
802 908
166 914
710 451
218 113
157 124
800 915
753 243
663 390
704 942
362 193
566 482
646 639
476 536
621 433
357 254
141 216
416 79
600 661
400 615
119 58
840 624
226 345
432 509
380 598
473 378
292 534
31 40
820 930
480 805
136 627
373 590
494 63
140 420
54 493
648 463
473 172
315 93
874 992
544 33
240 949
963 890
405 714
161 248
472 417
530 745
265 410
52 33
815 361
755 692
856 446
521 336
334 232
351 133
520 459
835 488
377 432
644 742
610 684
695 912
266 408
354 247
285 204
850 409
656 302
340 570
675 571
626 682
432 639
165 579
220 842
514 205
634 290
582 779
65 102
530 344
664 250
561 888
918 741
470 523
583 358
894 775
515 312
160 922
364 397
313 952
400 462
992 125
254 368
810 409
520 768
630 475
206 320
412 586
415 732
470 748
505 810
457 392
745 502
475 808
576 782
238 486
285 498
446 248
556 895
664 747
670 108
686 373
324 802
808 856
754 472
277 766
916 374
115 982
902 245
446 82
592 335
205 310
76 112
792 217
899 895
472 523
999 950
