344 818
515 930
241 379
254 469
182 810
438 48
869 966
708 167
691 637
115 542
599 395
677 207
446 554
178 202
952 961
757 191
582 472
283 27
18 260
713 620
843 72
537 95
2 851
835 768
934 831
918 293
119 336
455 229
898 528
157 503
470 868
840 886
437 567
157 577
219 687
852 322
149 390
670 878
441 497
537 368
837 242
393 1
492 735
198 163
404 479
855 129
374 96
889 851
790 316
542 155
275 638
119 466
703 410
800 930
643 626
51 739
826 984
227 928
232 59
983 181
830 324
261 39
403 960
14 733
883 257
199 425
133 427
429 280
31 313
49 75
218 821
130 779
155 309
661 217
216 840
810 550
391 156
34 50
329 529
867 447
827 690
956 249
409 706
367 551
249 755
99 809
329 525
839 730
828 220
631 894
816 239
12 674
693 901
261 569
970 319
763 154
272 534
138 324
96 512
799 122
173 755
254 839
493 7
650 855
912 13
442 202
673 960
809 545
850 217
471 950
293 252
823 297
105 983
283 838
548 108
66 717
943 979
60 869
545 775
112 741
16 200
611 486
436 829
702 571
407 537
984 573
819 600
177 85
733 183
190 315
723 325
930 693
589 877
379 496
406 257
168 377
254 367
76 446
178 921
848 583
42 358
157 659
955 299
592 557
938 124
775 135
898 769
565 964
563 144
993 227
855 720
757 96
505 993
695 24
376 970
395 429
436 936
536 687
444 877
166 982
527 305
70 65
836 929
910 483
304 553
876 70
336 14
312 383
885 877
554 683
498 807
834 27
967 482
521 797
945 76
140 639
137 847
887 88
534 814
344 138
603 623
16 79
713 449
711 494
512 704
893 628
67 585
293 438
653 619
176 398
976 825
231 804
92 485
462 625
318 842
212 138
240 239
518 828
620 150
739 46
75 40
847 916
24 313
468 883
244 424
335 20
111 228
253 42
611 103
536 858
303 988
301 254
149 592
941 686
122 821
884 29
961 152
619 444
950 859
473 95
188 528
363 446
578 523
328 415
336 909
259 688
892 547
641 349
488 409
568 211
265 308
873 564
533 3
260 897
795 480
7 268
410 756
433 643
62 993
575 698
357 451
78 163
656 369
771 434
321 797
77 271
810 514
127 307
582 242
98 439
960 867
355 381
506 799
883 139
735 908
445 139
80 100
922 45
775 71
304 164
413 657
923 434
307 32
387 634
659 106
861 652
586 42
421 317
725 847
827 298
371 122
975 814
191 660
712 356
995 272
355 734
328 770
352 78
809 458
650 361
167 197
399 309
470 189
205 532
185 214
233 533
515 364
189 904
466 662
876 392
729 510
129 234
333 349
60 714
34 939
474 875
29 486
384 402
574 916
389 161
548 14
544 225
683 126
643 624
930 537
362 839
171 37
348 248
443 383
265 416
518 187
328 947
252 716
674 354
948 794
382 922
394 922
877 40
112 893
542 247
160 460
235 69
718 828
224 474
415 566
10 998
223 491
503 848
182 431
171 531
819 130
313 992
313 185
410 632
880 120
265 275
542 618
367 317
517 247
88 179
156 673
834 662
263 270
21 289
110 425
566 537
256 111
508 464
175 983
28 356
881 857
538 393
293 472
220 43
857 646
834 572
561 224
289 909
537 34
583 643
596 492
22 325
837 631
911 607
707 831
672 193
609 706
875 552
103 391
385 139
202 605
822 625
692 889
500 401
625 680
981 376
653 353
709 961
223 219
393 674
659 206
160 493
613 264
419 645
497 372
884 376
675 50
621 956
757 648
482 882
202 414
333 689
618 522
510 735
826 528
66 823
552 625
414 59
875 698
792 10
656 219
284 592
697 504
704 727
627 668
631 592
702 159
784 490
273 850
446 720
324 993
798 811
55 812
842 348
872 615
37 125
559 805
920 584
34 589
911 486
91 697
798 84
179 93
878 252
833 487
323 671
335 947
705 111
555 617
842 735
666 506
161 991
437 368
590 115
65 219
481 698
998 752
619 818
239 230
103 489
419 588
607 858
91 370
103 768
211 927
573 632
357 171
97 62
952 501
133 488
788 90
628 411
930 151
605 819
378 496
531 613
694 751
528 222
254 707
759 384
810 316
410 739
268 471
334 281
580 681
854 815
427 335
258 361
674 274
754 628
41 771
373 570
600 59
556 444
525 288
852 767
279 143
837 583
302 550
60 503
63 127
817 908
675 331
214 626
756 609
99 333
287 358
982 131
108 187
864 770
437 787
150 954
822 606
592 470
770 521
678 428
390 218
85 256
965 175
171 449
978 396
962 40
496 840
90 313
795 228
68 421
558 205
68 436
503 626
529 853
956 117
323 541
560 964
857 744
123 590
863 300
649 396
825 518
919 134
989 350
528 85
755 436
481 285
27 879
707 872
822 188
180 773
592 983
479 955
877 322
206 32
113 191
853 411
207 932
319 890
709 248
419 403
447 554
604 727
517 613
505 894
284 414
422 667
78 918
824 215
308 569
533 557
77 844
912 286
951 377
440 64
926 734
580 121
872 626
970 896
683 888
288 700
770 205
484 239
770 130
217 933
371 744
287 657
924 799
770 986
464 871
50 853
713 397
394 770
216 49
338 977
497 673
561 851
985 215
876 564
331 706
185 626
878 268
594 879
442 292
617 373
310 310
115 236
949 730
149 168
489 261
484 758
711 549
682 29
24 411
361 494
828 817
675 513
77 12
766 394
822 326
409 242
270 485
643 63
253 438
237 820
832 615
211 270
297 184
472 178
296 857
475 152
807 773
620 530
663 734
608 982
102 325
147 289
598 845
273 866
109 185
302 515
858 407
133 150
892 528
444 322
227 368
326 323
497 268
90 12
913 700
523 59
890 6
877 326
550 441
838 639
858 493
733 313
638 252
355 694
711 425
296 386
214 694
8 455
746 826
916 158
181 945
145 356
672 172
266 897
297 183
870 137
759 501
305 617
296 601
388 921
285 609
37 251
711 306
674 959
29 555
642 681
561 189
241 11
529 854
682 574
47 529
94 924
961 123
415 754
748 167
902 131
43 964
312 221
668 449
654 490
563 751
680 925
959 695
167 384
782 697
361 914
169 101
602 354
365 374
415 345
778 536
158 24
1 345
875 140
176 519
897 449
913 135
431 727
951 264
161 176
298 252
578 609
561 985
386 971
188 91
948 43
355 339
225 444
736 443
965 903
183 664
840 129
146 13
245 332
524 674
952 674
365 324
64 861
880 365
641 408
951 463
760 835
625 170
476 799
406 639
706 227
889 925
673 185
649 411
772 123
900 953
92 839
76 251
985 952
56 188
596 797
414 546
840 121
865 590
60 493
122 526
606 917
765 37
709 512
13 381
597 527
836 531
828 391
540 148
199 631
272 152
961 803
390 424
466 601
257 14
595 121
378 243
709 440
652 300
747 551
619 50
525 143
62 465
515 426
116 178
438 36
668 745
560 991
227 965
705 92
845 918
759 356
508 678
366 297
304 802
716 911
777 676
94 477
632 206
953 100
714 68
268 201
831 829
904 927
847 420
392 913
43 779
406 502
330 14
125 192
102 956
731 207
27 270
250 92
136 597
650 765
544 498
26 503
241 59
339 781
975 754
223 932
766 946
178 476
174 175
100 904
498 994
302 513
514 452
164 71
935 244
436 856
731 617
56 511
988 291
524 774
106 275
666 795
171 225
105 436
31 906
886 144
259 318
350 82
965 551
547 294
670 347
592 515
870 780
699 735
84 272
236 323
520 749
810 562
842 993
642 639
239 94
89 804
736 315
841 940
427 855
835 669
659 429
742 636
127 459
388 726
649 694
23 690
520 294
280 67
998 898
161 500
249 80
614 580
939 456
273 376
99 403
560 337
675 462
167 737
820 886
119 444
542 117
982 918
660 795
400 751
733 232
550 925
37 984
297 430
12 142
232 245
590 511
146 424
445 58
141 465
418 774
803 806
628 173
705 548
128 423
987 631
666 564
453 32
706 149
610 542
385 918
929 332
510 9
581 212
582 524
58 330
813 752
576 400
818 213
677 803
982 904
232 238
175 483
774 555
998 774
310 641
326 929
767 430
260 377
684 209
136 149
142 841
583 14
341 291
633 817
816 251
114 927
180 765
293 176
988 20
86 533
57 183
50 189
664 689
897 350
949 649
852 312
783 378
959 251
575 219
536 74
393 440
345 925
802 505
342 433
408 565
846 214
932 681
786 407
444 129
943 452
229 6
464 834
753 994
52 480
514 880
228 69
949 27
180 929
744 456
396 106
271 825
497 506
14 475
624 638
771 210
941 64
614 79
653 997
403 190
720 521
857 680
784 321
999 350
703 82
568 546
219 819
283 44
584 553
104 346
495 500
494 865
430 804
977 87
699 781
945 253
600 668
705 300
127 467
624 41
126 82
550 435
770 831
7 341
891 912
904 278
755 388
86 314
471 366
417 310
622 852
384 572
936 301
484 37
737 152
201 898
252 776
442 986
656 768
989 280
827 785
369 901
751 262
982 796
669 138
210 198
971 274
42 647
3 150
465 619
395 840
455 286
788 461
