491 229
952 431
766 513
940 764
628 609
678 14
676 818
788 339
440 159
93 862
310 893
350 63
829 759
588 393
550 914
399 352
457 350
789 920
42 947
718 228
697 984
38 526
604 588
928 535
268 162
882 431
548 500
798 319
926 700
767 235
1 82
114 827
628 372
748 714
261 160
648 340
556 930
831 663
529 426
777 910
428 692
352 858
838 409
553 922
356 371
260 287
600 442
580 994
342 881
430 165
311 175
867 985
414 821
600 259
683 8
507 303
343 59
479 835
87 872
835 524
397 949
456 79
709 944
897 730
137 533
364 848
535 874
100 241
604 476
227 677
611 482
730 962
188 44
849 686
28 431
346 474
361 190
239 547
769 744
376 394
940 368
670 476
912 649
441 115
559 228
104 385
235 408
796 763
804 514
698 260
120 256
659 29
703 148
144 433
676 588
71 534
908 684
258 587
360 436
964 903
281 254
477 757
550 482
776 479
823 986
868 817
966 813
870 704
996 931
310 786
595 615
334 661
214 517
3 603
708 227
623 380
499 859
723 527
884 614
988 335
564 937
339 210
308 397
673 203
595 226
200 303
395 228
886 413
818 604
250 943
247 738
432 806
768 148
475 190
573 98
97 469
332 186
981 828
158 418
478 753
164 289
299 230
971 740
838 735
501 232
403 322
283 358
814 473
424 303
466 690
476 104
638 444
938 549
754 959
273 19
928 214
345 86
665 189
457 234
976 729
249 130
525 108
693 206
451 211
822 136
257 725
417 865
799 839
584 961
618 77
859 444
259 138
435 292
19 589
593 82
217 418
285 162
422 856
907 551
697 874
628 336
52 397
358 442
143 442
802 93
636 304
598 653
436 441
246 13
816 778
67 421
417 610
412 808
978 778
1000 916
513 282
483 665
537 386
834 471
840 673
663 26
892 408
523 842
669 483
877 384
752 730
220 291
10 533
20 411
613 66
72 897
796 847
588 95
334 353
223 314
757 766
174 469
544 574
547 631
501 354
744 546
831 472
472 99
865 58
273 338
490 322
92 140
883 48
862 434
717 280
208 842
42 381
687 835
453 640
888 698
393 590
893 588
98 389
493 152
669 820
668 308
278 932
929 651
567 735
314 156
323 860
124 168
230 834
153 356
301 35
567 187
207 672
853 695
373 402
407 965
327 103
850 703
701 292
620 600
442 218
672 506
568 678
201 430
482 748
739 986
125 348
784 103
387 933
505 362
875 363
38 578
190 309
903 500
693 840
589 206
371 281
615 401
685 224
336 113
400 514
553 490
932 674
760 516
244 273
166 954
436 332
784 856
331 316
155 879
700 263
786 511
390 173
993 626
233 370
111 832
234 971
885 441
494 853
709 606
662 424
60 112
28 534
471 362
829 476
674 476
471 233
307 266
706 954
847 484
133 368
997 770
381 163
504 177
2 317
557 613
390 841
919 244
420 103
238 366
77 526
715 626
787 199
591 434
231 114
360 207
335 222
33 530
85 372
881 346
429 184
45 396
688 578
757 951
555 639
958 577
579 359
901 602
901 38
900 416
259 379
604 619
418 282
488 596
881 660
958 114
347 869
593 404
989 756
400 9
730 534
457 666
738 269
504 151
953 570
814 799
840 468
401 202
783 597
523 148
707 343
204 90
793 664
606 7
739 706
591 373
772 226
512 149
981 376
123 812
191 139
563 24
87 453
297 789
972 356
733 308
440 708
883 472
370 2
44 313
912 740
415 290
582 681
376 450
582 47
678 601
359 196
709 906
928 669
315 51
830 474
848 423
563 110
483 170
392 910
746 540
649 161
544 466
313 282
493 588
871 343
17 606
51 561
75 892
637 140
35 402
966 361
90 918
83 490
636 643
884 716
469 146
483 158
748 975
652 630
663 815
795 611
553 179
637 366
825 469
358 233
328 251
872 46
199 499
574 949
673 486
534 333
308 218
623 74
196 313
562 440
735 562
465 144
203 326
508 802
395 260
854 636
433 298
660 524
906 714
41 574
539 356
963 584
717 520
841 334
814 656
288 916
290 798
812 154
700 568
184 998
759 895
922 234
663 316
903 743
805 926
492 346
813 632
763 935
357 67
751 804
303 218
200 316
890 438
681 830
972 910
240 279
620 284
256 714
193 882
925 644
154 453
167 406
750 541
592 594
490 143
402 957
481 226
982 351
119 470
419 239
164 410
208 390
552 353
209 511
693 259
598 236
244 948
278 258
361 338
961 782
212 245
392 106
471 263
587 92
688 536
646 613
496 338
991 379
472 138
613 80
