511 835
23 800
209 386
380 827
838 486
56 45
3 174
858 183
886 991
285 547
241 496
833 578
981 705
590 783
486 522
828 28
377 824
892 30
337 938
572 374
111 968
448 109
516 170
617 678
491 816
206 861
325 168
771 969
511 264
490 132
193 193
687 55
890 848
895 617
997 876
902 307
764 735
288 585
141 180
827 168
108 708
899 168
698 288
277 382
569 130
555 192
350 272
657 645
873 819
449 812
995 32
388 495
796 837
307 966
192 643
552 954
42 480
780 571
553 228
362 388
664 189
670 53
774 972
359 274
596 529
105 110
74 599
793 412
79 2
665 773
465 402
455 901
726 211
130 641
826 840
688 845
299 301
249 639
567 290
163 301
739 43
993 727
688 603
241 70
390 711
217 746
998 66
690 751
729 646
674 643
979 140
903 596
801 556
945 473
268 414
921 677
856 772
93 866
367 111
967 835
9 915
275 689
524 994
56 955
25 179
367 332
90 2
760 248
402 779
107 870
278 385
414 122
9 7
808 751
507 765
699 653
330 732
744 916
189 386
519 800
162 69
762 599
258 480
201 128
171 66
507 305
234 537
992 200
91 175
940 221
70 390
22 556
658 439
171 363
235 422
651 821
523 347
119 22
50 396
278 3
424 115
67 126
627 299
764 350
232 25
669 413
306 566
13 853
219 34
33 687
968 625
978 880
836 170
416 938
95 800
843 328
338 215
311 586
35 65
705 446
473 176
927 260
988 162
258 324
372 54
843 502
502 880
146 445
430 8
595 520
529 947
744 539
739 675
395 122
199 374
51 118
628 521
801 208
6 863
103 337
336 273
114 561
747 134
929 452
974 732
153 683
321 916
728 380
618 842
147 268
990 396
467 630
915 622
719 71
355 808
937 7
405 558
162 257
372 142
926 462
203 651
789 700
84 119
232 53
603 252
870 578
670 465
779 965
372 877
771 671
971 712
367 525
546 454
332 737
196 50
227 742
863 725
522 905
639 865
738 41
545 234
207 45
688 116
954 589
892 932
227 251
282 45
378 87
614 637
628 751
411 261
7 388
898 119
573 308
917 711
90 595
11 415
782 529
425 949
524 107
500 917
991 598
601 22
188 872
536 936
184 14
151 526
384 493
299 257
569 295
116 713
100 497
565 46
63 472
616 36
223 169
813 92
111 23
25 469
222 486
235 459
933 167
448 438
127 274
995 678
25 947
670 90
852 408
967 978
926 903
948 473
176 894
508 461
760 282
519 750
794 990
466 630
878 900
995 742
590 350
650 498
982 100
726 468
526 475
641 492
983 895
600 760
837 912
218 529
360 300
435 864
862 504
371 457
436 304
364 134
937 860
225 480
7 917
819 395
860 100
98 562
995 52
774 715
246 132
234 340
721 870
850 424
962 601
458 564
553 387
430 60
881 831
599 432
165 685
658 523
66 518
252 10
18 804
681 583
822 870
467 459
886 943
370 112
444 333
596 61
680 481
743 629
33 973
198 750
685 250
334 373
372 373
178 806
4 673
858 228
956 640
235 588
538 815
63 996
214 479
6 412
127 751
944 337
138 331
235 778
409 304
73 534
650 205
810 491
578 79
510 301
316 464
20 769
331 10
830 966
115 267
552 613
939 562
293 156
764 510
667 573
466 110
330 723
831 37
938 272
933 281
803 698
882 4
178 394
262 311
459 279
854 59
874 588
816 631
239 739
692 560
218 731
655 582
961 283
964 438
925 288
202 311
386 734
903 825
342 382
411 874
847 452
930 273
202 759
779 472
302 920
892 861
182 306
299 867
906 181
148 676
955 166
168 496
694 27
441 279
900 763
475 520
416 384
681 218
307 77
308 331
824 137
20 503
597 716
918 146
491 616
331 181
323 508
378 420
202 456
879 373
666 720
274 21
783 769
555 323
81 354
780 755
147 244
704 841
570 702
853 771
120 736
82 53
157 578
356 350
27 394
883 377
694 632
925 593
113 908
53 490
652 152
570 489
382 852
570 467
456 201
97 273
746 198
924 614
378 787
527 408
1 845
355 672
898 124
1000 203
590 60
264 755
399 464
20 318
535 163
395 434
235 977
352 171
115 137
8 258
495 466
21 341
745 482
669 307
318 861
971 923
946 418
13 887
683 175
994 979
871 527
121 198
507 570
444 304
237 270
411 12
335 258
734 424
833 899
333 379
164 400
266 952
391 73
970 363
989 73
198 286
984 424
219 981
339 636
413 194
477 42
947 842
913 969
266 653
647 719
714 821
68 865
952 946
129 999
848 138
368 322
637 72
267 638
284 99
400 10
608 302
102 546
960 844
707 382
77 104
147 402
467 770
688 984
799 93
413 673
200 950
650 820
632 492
789 641
540 337
445 151
126 952
779 735
572 356
10 459
703 254
612 678
801 139
803 925
123 906
442 247
759 799
22 492
258 489
97 30
126 714
634 205
191 513
901 360
840 854
26 72
714 277
495 734
821 643
732 826
626 140
990 141
880 630
777 136
259 464
950 217
804 760
575 647
662 780
790 326
668 222
433 936
534 841
138 607
257 98
799 101
360 875
497 217
589 541
889 607
867 363
37 755
145 461
975 717
46 171
205 636
548 865
283 31
891 875
167 217
545 729
435 710
767 224
530 318
394 494
951 132
59 602
316 652
742 12
771 376
755 169
168 999
963 541
734 797
249 988
299 609
341 598
578 364
420 207
437 883
589 285
809 619
878 580
489 675
911 742
460 288
793 577
559 895
860 478
393 219
784 936
342 102
193 718
463 653
127 120
399 429
626 28
312 48
256 330
667 500
471 533
606 621
901 333
983 951
195 168
959 578
739 286
482 793
363 31
966 657
421 546
9 21
771 966
786 792
311 625
156 471
931 918
835 542
630 60
370 35
907 632
942 356
553 575
296 847
106 989
260 906
299 637
635 103
499 122
252 730
297 415
254 936
723 192
932 16
435 684
763 127
685 684
297 703
204 295
507 169
273 741
902 480
621 124
206 46
447 966
969 870
192 72
232 647
989 974
433 205
536 921
802 28
901 368
174 878
74 75
91 857
424 437
315 393
105 549
594 66
224 628
993 359
926 211
567 644
344 891
249 627
218 23
537 603
204 681
587 348
172 784
202 479
627 85
958 559
956 250
580 214
453 988
734 717
153 238
933 804
928 765
741 528
512 55
872 585
71 752
669 220
213 878
682 528
805 294
520 43
157 337
201 274
663 755
612 852
228 90
276 557
68 766
873 253
263 990
852 51
364 369
186 534
425 681
367 734
902 684
468 15
507 86
788 14
776 590
386 311
559 114
369 171
953 641
936 57
528 789
663 818
841 74
958 413
267 726
468 968
252 829
883 658
504 643
130 123
93 351
553 516
207 278
323 209
93 911
666 368
20 542
459 490
712 830
711 255
444 771
993 555
29 189
594 177
775 844
994 928
852 631
777 492
253 299
82 212
946 366
480 608
472 632
490 492
314 686
911 637
382 75
683 723
299 746
