693 437
22 830
405 222
206 876
65 109
714 90
487 243
812 920
928 981
429 217
592 290
471 32
192 546
500 632
47 505
359 42
759 788
489 946
725 233
169 827
799 983
693 765
677 844
336 971
668 833
601 609
706 269
285 643
759 835
128 436
619 396
177 746
909 403
318 471
661 308
697 433
102 29
457 177
741 435
292 67
228 112
549 855
445 452
663 362
111 623
195 806
484 371
950 280
926 43
343 533
911 31
918 596
829 910
998 741
519 471
786 17
664 606
586 885
35 479
48 916
85 546
703 227
73 375
728 888
255 861
10 739
255 74
3 144
418 605
483 699
287 681
639 617
354 164
133 665
757 760
882 659
723 429
561 818
848 692
273 933
458 892
231 108
97 44
750 422
74 880
204 951
116 282
723 112
143 557
337 609
921 45
147 991
191 354
630 660
874 948
471 819
557 356
66 616
303 187
798 474
274 801
163 937
105 72
405 190
203 978
993 727
534 600
164 329
189 729
324 874
343 474
718 697
765 433
743 193
162 481
877 591
350 520
760 627
460 121
939 151
591 331
513 734
216 414
49 594
111 867
635 314
470 988
403 335
171 774
106 476
294 772
381 634
277 724
651 315
811 30
614 435
465 496
776 485
471 711
368 742
841 588
256 972
197 822
353 768
874 741
110 269
249 165
880 318
662 331
499 463
529 691
935 124
16 639
268 665
19 456
360 115
136 858
328 542
92 894
562 562
432 259
280 811
753 482
754 443
684 917
138 391
523 446
426 401
472 497
607 816
838 958
358 307
628 271
985 746
250 812
858 217
137 847
349 289
21 783
498 556
220 349
940 272
816 166
201 152
798 603
93 6
773 752
336 183
352 227
29 177
304 546
448 237
422 610
998 606
158 506
143 64
459 882
699 648
247 436
789 953
123 857
852 376
107 569
776 734
47 63
754 637
687 678
125 764
290 559
559 866
556 917
308 248
924 396
608 983
550 152
417 480
424 377
913 746
463 287
979 158
627 12
637 785
282 106
386 496
319 441
830 998
20 437
774 766
305 652
689 295
621 375
66 842
617 240
498 71
104 81
883 364
873 166
590 774
300 445
622 356
465 804
856 452
894 595
609 457
927 85
247 915
844 210
391 221
615 57
293 253
777 767
674 85
938 364
678 785
446 562
339 546
29 856
718 84
552 289
8 770
750 886
49 381
251 547
879 441
245 342
712 958
66 986
86 39
372 597
214 236
536 23
264 618
247 111
162 803
180 220
439 257
34 542
778 346
892 639
46 559
702 299
227 563
681 891
23 97
725 360
814 183
338 796
381 18
298 689
390 931
268 446
174 447
862 338
72 288
699 541
182 282
8 940
706 524
657 800
232 438
654 389
903 535
259 18
562 502
590 200
813 406
480 783
402 470
129 880
523 130
496 361
582 73
521 249
469 530
156 769
543 458
456 716
268 641
9 691
427 521
489 938
482 175
560 659
202 497
112 509
931 419
149 780
90 961
581 394
665 366
558 25
486 419
568 680
807 867
548 533
762 894
416 116
457 550
209 944
189 262
603 711
21 511
116 237
563 536
489 631
235 825
714 120
536 278
371 888
202 90
731 227
790 539
401 55
525 473
703 178
715 270
262 335
710 361
316 356
356 715
457 420
564 723
183 707
498 614
688 611
364 350
41 459
480 481
742 705
489 85
574 494
942 597
43 915
616 506
871 132
596 901
252 292
424 756
333 130
828 100
119 457
587 712
151 862
337 78
952 959
987 195
464 215
852 508
813 1000
603 46
91 532
338 363
653 864
613 912
455 129
896 556
644 1000
341 66
233 563
220 456
440 431
609 743
315 544
828 557
468 893
358 85
723 141
409 260
783 686
546 373
84 972
489 483
154 442
200 556
462 308
260 482
56 102
408 291
750 840
258 520
109 219
692 147
696 295
254 796
861 982
878 9
246 376
485 65
195 486
429 619
32 16
744 424
315 187
631 994
312 791
506 669
533 218
972 696
808 975
390 46
902 553
143 336
719 602
507 820
439 737
499 774
974 339
595 942
30 909
92 87
293 28
502 967
686 71
896 894
203 204
701 241
323 757
457 898
241 123
673 996
206 720
215 539
739 137
152 814
791 666
627 450
727 954
289 595
294 570
693 794
42 748
184 100
504 185
126 369
926 523
788 421
207 752
106 795
832 464
7 557
800 402
822 639
277 158
829 513
203 332
477 29
555 937
324 336
81 806
814 651
420 114
606 734
805 815
556 399
25 229
855 729
883 59
760 360
255 746
501 289
356 699
682 674
14 10
900 45
858 927
123 119
829 489
718 901
528 231
635 548
801 140
29 415
491 59
263 272
239 462
865 189
540 300
366 204
574 692
147 39
839 15
370 759
839 318
44 727
593 147
925 370
992 320
971 67
582 720
169 642
836 373
297 790
25 291
739 961
645 400
390 514
222 407
543 600
486 900
337 762
620 774
401 797
335 835
4 370
274 895
115 747
569 972
364 966
572 585
188 265
202 586
546 907
736 574
71 571
276 62
147 16
7 541
198 701
88 925
102 130
612 699
23 105
850 835
453 196
442 890
784 8
697 272
622 831
393 960
398 10
409 140
119 481
662 168
447 777
307 709
152 55
100 845
596 199
445 418
62 770
949 861
171 661
508 98
782 264
923 514
768 858
851 7
224 577
335 756
955 683
303 744
264 529
862 623
631 747
410 228
576 630
827 10
700 347
317 109
907 518
255 596
986 39
611 364
752 351
107 620
629 917
512 789
177 747
349 859
513 688
83 405
621 267
288 422
678 35
517 368
281 954
639 163
476 49
246 64
242 112
846 72
455 909
856 596
992 479
156 478
65 247
753 866
94 853
522 947
305 611
904 479
250 935
978 965
870 155
71 877
330 738
488 247
892 383
90 785
227 41
897 169
944 241
297 611
243 689
929 22
592 460
69 790
229 18
448 925
222 956
830 121
114 31
187 364
234 796
321 61
539 61
281 55
53 294
877 466
519 724
854 377
158 520
311 30
49 417
189 691
200 139
737 382
330 942
839 155
533 274
293 598
471 633
435 268
8 481
33 242
503 658
789 412
225 397
943 411
587 231
400 534
299 910
807 941
902 270
285 420
915 789
486 148
157 735
833 81
65 353
237 66
358 770
698 829
850 165
32 126
946 914
638 58
509 977
82 753
894 376
784 285
985 931
381 988
759 432
807 98
2 830
622 553
352 433
905 319
488 494
165 172
83 267
426 234
967 329
561 349
257 244
756 270
693 695
140 357
268 351
701 140
753 831
5 25
760 270
856 137
921 744
268 538
923 741
932 993
26 671
630 800
5 862
643 163
524 772
982 769
711 670
7 582
102 351
172 355
251 635
507 640
108 658
54 599
417 62
598 123
448 26
433 603
91 588
571 38
824 721
673 984
749 396
656 286
786 991
225 808
154 577
647 934
59 548
308 993
739 47
878 337
941 206
97 660
266 298
280 926
285 865
622 600
846 477
877 315
615 767
491 277
308 208
462 400
464 502
209 68
116 122
74 56
326 172
87 392
795 576
112 858
812 191
418 779
848 584
123 779
465 474
231 773
352 166
312 906
311 45
96 926
958 988
684 522
994 706
483 274
449 230
553 578
279 417
180 464
709 275
212 618
549 504
637 484
273 788
130 852
896 129
703 356
478 617
921 311
809 655
614 116
90 17
361 317
173 72
579 473
286 80
688 990
802 9
841 56
206 121
357 526
78 392
203 888
743 217
650 415
970 285
319 156
215 762
531 727
265 800
584 28
739 274
625 225
375 854
825 206
32 826
614 873
698 979
168 599
317 837
58 278
999 524
700 788
78 979
583 917
629 228
528 263
673 438
765 682
509 335
678 640
611 693
723 823
388 223
432 748
153 614
185 929
852 106
777 506
254 943
116 408
554 115
931 981
927 151
656 990
565 493
430 776
367 917
605 401
524 373
917 972
719 799
429 544
796 598
962 237
677 367
844 892
458 477
723 969
380 256
715 951
184 249
758 209
888 244
444 327
212 744
182 255
309 899
711 810
503 386
507 169
889 279
841 529
480 735
7 620
601 993
966 623
333 345
968 794
542 909
446 103
257 161
850 219
731 759
892 48
998 197
671 997
847 852
936 207
400 290
375 591
144 329
197 407
810 56
15 848
763 544
203 467
662 542
281 791
483 238
968 308
191 50
272 733
722 589
855 818
759 751
273 393
284 997
671 415
678 369
138 688
896 430
764 463
635 891
379 263
362 732
417 170
965 774
250 475
680 549
269 564
12 361
547 398
677 21
466 128
537 998
689 779
785 893
389 522
918 494
924 645
303 375
742 764
718 219
248 146
529 960
403 342
711 518
290 948
923 172
177 299
130 938
658 73
926 649
8 388
338 692
135 349
668 850
950 563
710 105
57 52
399 769
627 537
227 265
69 745
22 1000
475 585
134 783
110 620
583 30
834 936
744 427
269 203
484 546
279 514
722 437
225 60
626 943
923 681
160 986
236 808
61 896
233 61
396 428
430 362
814 89
445 507
720 552
300 286
844 576
424 139
991 822
771 405
861 935
417 895
493 143
838 245
136 815
849 906
268 544
494 98
461 403
757 310
230 635
491 715
687 659
184 435
353 506
451 540
902 89
5 510
707 857
146 659
986 114
818 860
504 186
206 776
383 833
926 94
696 607
153 166
999 27
412 546
902 234
628 908
308 281
693 60
422 871
491 626
741 290
390 343
303 835
609 19
748 677
498 342
470 868
639 512
829 118
260 875
411 46
889 499
538 820
498 43
116 549
566 486
568 129
428 842
614 785
535 453
248 65
930 165
441 347
969 413
95 286
160 839
834 578
314 652
421 646
907 936
999 93
777 817
277 418
863 239
464 749
817 97
440 626
184 795
205 630
249 544
897 723
90 973
631 496
494 776
205 431
839 162
595 217
767 963
122 410
821 966
872 627
675 889
724 186
573 925
210 781
298 571
751 911
14 152
653 512
38 192
154 193
979 421
630 996
232 748
167 434
424 18
261 336
128 865
29 853
769 407
623 138
473 917
530 31
317 643
985 109
297 13
439 983
917 814
521 657
743 237
910 698
629 397
787 575
674 17
542 394
94 700
651 548
651 762
34 658
771 291
219 493
365 715
847 230
263 658
614 268
483 122
701 60
784 708
399 49
9 250
122 515
708 892
528 799
821 486
341 252
289 587
307 205
758 666
415 489
895 380
394 247
884 170
798 623
248 93
761 343
907 19
610 51
833 651
873 641
966 468
879 926
200 477
367 563
623 173
34 572
243 287
307 711
64 846
57 452
179 113
474 229
506 278
993 524
702 46
941 735
500 11
800 426
687 259
310 581
779 94
312 404
967 204
265 650
284 454
956 511
402 697
655 982
588 62
326 108
907 830
207 389
887 414
83 409
74 83
548 854
264 252
947 261
238 862
810 323
470 654
620 695
382 97
348 322
951 3
316 335
579 984
791 326
472 219
588 306
513 991
37 81
920 604
753 879
306 442
935 607
601 862
838 846
78 55
816 129
291 355
551 129
605 463
217 425
905 39
204 579
398 863
951 468
186 421
885 362
144 193
12 659
337 744
622 742
51 237
434 561
592 228
42 347
66 564
160 736
909 226
626 483
566 760
919 204
134 814
66 315
771 866
155 951
262 62
164 327
492 434
761 615
553 147
21 719
515 548
853 58
106 600
996 57
80 585
396 13
776 308
198 566
327 674
187 742
452 882
87 796
580 530
326 943
706 729
254 290
616 596
531 861
257 557
316 750
405 419
275 334
279 825
274 764
48 240
31 718
359 952
760 899
331 420
586 2
332 308
584 719
821 947
693 961
373 959
239 517
506 972
903 99
625 848
259 769
696 132
119 759
685 297
286 750
70 82
54 265
340 107
942 90
407 78
984 260
25 964
815 970
473 148
479 331
37 933
202 269
142 607
180 786
851 948
419 413
925 535
814 57
43 919
592 859
829 866
244 114
158 426
679 97
440 545
708 927
974 68
465 830
852 191
617 344
513 87
700 484
464 445
663 728
847 106
523 120
573 212
302 200
930 338
754 650
709 968
140 750
566 918
342 277
664 687
663 156
778 888
743 903
779 693
676 404
440 862
963 557
400 379
348 472
677 28
6 927
323 785
71 290
221 660
769 455
714 384
837 670
203 673
901 125
400 721
185 736
87 77
251 19
912 154
159 646
475 624
718 784
88 382
946 976
660 114
169 190
796 907
721 975
300 296
286 142
637 639
560 315
259 567
406 646
931 164
74 371
514 368
294 889
5 363
355 452
728 438
302 23
913 232
901 385
572 516
838 521
233 371
88 550
619 405
967 982
801 804
373 744
392 722
853 91
251 301
522 91
288 867
583 729
648 119
530 214
793 758
243 676
532 102
951 487
221 714
85 78
997 281
542 154
885 845
648 604
270 336
604 313
557 641
202 212
93 37
436 810
858 106
32 934
730 312
840 213
958 213
326 245
797 327
36 819
577 168
743 321
492 570
174 545
171 943
757 943
31 661
380 710
305 70
63 56
388 957
370 624
677 317
423 238
232 932
755 827
25 391
436 971
333 310
271 699
5 238
423 636
137 66
352 974
639 985
690 627
227 753
637 242
761 166
716 551
804 418
679 675
662 454
944 805
996 631
711 713
831 778
496 901
62 446
926 81
631 177
407 740
121 256
544 652
569 450
351 508
288 606
631 732
542 379
305 682
357 996
798 576
452 473
580 822
947 390
681 235
593 755
677 676
894 975
831 10
977 53
688 229
564 417
431 847
244 387
219 631
264 947
641 123
439 142
848 200
848 531
942 999
82 464
7 569
907 357
445 502
415 187
553 164
291 981
372 557
281 664
794 619
47 139
798 33
611 337
410 689
169 638
7 448
106 79
56 914
288 292
12 432
574 377
929 611
364 490
300 34
953 782
768 194
578 499
754 525
991 619
118 311
296 511
474 790
217 658
139 209
409 276
681 150
698 539
256 233
721 93
654 790
705 892
610 296
600 368
54 539
373 395
792 318
313 983
435 189
965 812
922 886
689 723
142 719
119 190
130 979
809 25
99 88
730 470
519 665
292 496
854 804
571 724
874 985
728 751
151 562
611 757
239 359
743 439
914 675
183 201
301 785
905 943
684 900
282 268
548 352
491 945
317 517
105 538
471 862
706 418
407 694
229 715
292 154
558 914
944 192
71 183
92 72
982 392
281 764
33 83
374 267
562 587
251 118
469 430
595 677
996 346
266 539
540 788
919 354
921 682
442 365
95 636
855 100
890 589
349 945
268 303
712 60
410 410
607 237
71 768
606 793
445 385
144 700
840 611
352 773
720 669
493 354
531 670
921 507
280 459
426 342
610 600
46 226
138 492
7 651
631 277
732 465
640 403
967 18
162 70
862 335
163 384
175 18
320 370
431 128
962 811
579 843
90 526
962 205
570 838
833 640
174 964
96 961
429 123
814 657
675 236
458 204
209 126
286 603
625 151
48 993
919 15
241 397
105 46
596 829
841 461
674 984
95 886
131 308
224 214
577 318
748 390
220 317
806 452
397 31
306 814
150 419
496 277
512 512
227 700
333 639
480 497
516 862
766 933
58 7
497 300
536 904
714 946
13 391
98 470
731 714
342 817
213 709
289 79
215 522
848 919
584 892
646 829
514 482
75 358
682 317
955 818
13 769
594 702
275 290
222 909
865 373
277 818
14 585
201 678
189 632
659 791
161 386
714 199
400 916
70 98
18 900
617 113
996 758
120 381
872 245
307 430
337 780
23 543
177 850
142 874
445 262
899 34
1000 466
992 383
898 62
815 408
450 195
965 65
217 943
904 564
138 38
481 854
748 896
902 552
775 230
393 704
644 505
215 927
917 238
967 700
595 574
4 606
333 511
171 185
849 315
672 801
648 593
649 485
139 948
615 941
646 715
687 21
224 805
49 575
351 88
421 400
56 303
3 586
666 503
316 320
31 105
59 914
706 455
323 944
778 467
116 322
453 1
814 544
126 495
491 664
328 148
246 545
225 222
560 634
589 617
817 115
407 752
66 109
525 143
347 890
49 743
670 597
280 4
574 62
775 740
434 840
830 473
357 744
787 537
418 7
70 54
915 438
411 528
949 686
331 898
857 331
379 449
43 203
247 936
149 531
923 536
70 726
10 989
178 819
2 727
354 196
917 987
733 189
510 377
822 694
322 33
754 535
658 806
678 195
768 949
832 38
406 609
651 799
63 176
772 961
997 622
42 270
939 408
977 264
164 645
822 181
960 761
718 169
507 447
768 202
689 384
526 838
353 14
828 452
390 400
591 574
450 908
795 499
171 992
650 956
536 415
733 262
775 791
304 726
259 687
635 660
285 96
813 437
103 368
490 579
804 119
877 188
917 444
335 407
890 338
168 394
942 594
544 590
832 118
421 379
875 155
664 41
136 874
936 461
12 510
528 440
159 495
846 452
834 145
145 839
182 476
218 420
518 877
179 689
709 874
911 294
873 721
216 212
773 636
399 204
470 330
379 17
154 6
891 710
118 295
463 224
256 411
741 987
101 983
711 656
475 47
729 940
469 240
992 641
438 546
158 855
828 94
939 210
46 47
442 266
119 500
770 897
725 767
918 651
560 171
822 750
776 459
45 802
750 72
128 89
456 799
657 439
97 403
483 957
231 400
873 3
821 400
155 387
535 778
541 893
432 723
910 454
384 495
675 70
46 65
961 545
863 650
879 853
650 829
471 269
733 862
237 964
62 609
124 406
494 664
371 657
891 463
478 691
651 756
949 496
285 740
820 76
255 276
651 114
378 954
917 116
437 735
189 925
389 777
40 908
250 911
83 433
483 906
283 93
577 718
206 848
918 480
435 209
874 178
318 855
232 978
826 571
703 665
986 900
460 912
173 716
80 637
66 37
987 191
50 799
282 210
362 278
739 922
207 215
686 488
633 29
35 958
12 398
606 889
348 504
536 566
156 346
774 536
324 182
312 899
228 791
704 415
380 893
127 143
202 761
252 607
851 199
494 895
317 967
515 653
320 64
907 209
840 415
202 632
436 206
510 880
326 42
121 634
