378 563
478 773
312 382
405 884
120 528
267 143
272 620
414 906
347 863
101 915
146 510
570 847
453 561
85 629
283 982
753 553
630 134
632 70
507 824
416 548
423 507
34 824
143 745
767 316
10 469
947 445
548 205
463 3
219 651
555 637
544 835
696 529
317 581
793 64
137 393
975 111
317 513
825 375
243 823
919 210
885 797
195 806
580 845
900 945
658 307
829 722
856 196
331 571
660 482
169 434
452 893
420 146
940 7
863 503
129 554
418 516
498 767
348 519
657 796
207 256
158 869
659 605
860 116
159 683
915 427
779 251
402 193
640 790
767 531
520 574
444 241
731 63
787 177
581 197
666 227
403 581
733 254
146 890
704 999
10 527
9 973
234 1
146 728
595 750
315 943
132 740
355 55
269 464
464 476
709 462
727 880
810 67
848 640
732 497
852 951
143 428
269 675
290 302
466 286
477 453
450 467
727 230
65 761
427 893
640 454
476 319
105 593
450 486
239 681
753 881
309 762
621 753
702 187
271 327
512 262
193 837
381 409
501 835
44 877
520 242
632 620
345 993
402 490
354 539
719 837
917 306
744 276
663 24
948 817
286 412
575 349
213 17
437 771
494 659
983 425
773 752
576 396
707 308
679 273
110 789
309 501
603 178
872 411
201 393
506 690
405 125
828 1
972 698
505 615
591 899
666 14
337 542
675 217
255 667
120 574
488 639
268 616
397 128
604 836
589 341
702 203
127 605
500 875
748 495
324 623
425 525
647 473
353 856
310 270
684 207
260 708
500 596
751 217
680 448
594 254
409 542
603 406
582 97
353 273
101 17
67 758
918 153
738 732
315 851
939 445
717 457
297 73
677 595
588 274
360 190
265 342
72 903
843 478
837 777
165 693
355 277
275 611
855 755
628 361
650 468
756 561
687 832
220 414
269 494
740 58
564 354
697 611
612 303
599 137
161 450
819 448
388 739
131 782
323 234
205 840
411 507
555 411
222 788
255 25
765 133
772 934
883 528
205 7
425 233
837 53
407 243
123 341
659 424
253 699
144 807
930 860
480 743
606 934
776 188
68 279
204 636
633 672
543 148
4 239
776 69
430 769
631 392
763 118
491 232
326 567
496 284
638 85
211 645
533 179
717 868
99 501
861 302
417 671
641 675
380 90
651 64
973 344
746 90
788 680
443 345
396 914
62 982
447 563
835 727
590 386
808 983
371 765
277 638
342 318
115 544
256 455
2 933
692 260
378 402
803 343
330 20
117 906
404 498
102 311
367 731
53 594
805 157
827 361
234 473
171 440
234 707
805 685
446 300
164 579
499 497
355 866
656 153
185 418
495 43
800 236
880 790
26 12
230 52
682 513
710 545
808 674
81 877
118 881
974 784
510 534
452 711
963 628
606 755
825 745
185 627
643 228
400 888
820 706
452 218
812 18
698 876
298 955
728 698
531 88
895 86
715 277
183 609
862 656
100 606
804 689
991 275
423 548
90 776
339 715
491 917
300 627
306 627
837 451
315 633
162 582
733 237
155 885
425 675
164 437
472 955
282 606
416 740
316 780
834 624
822 719
657 30
218 654
432 534
346 709
330 48
885 311
607 110
741 257
495 433
722 496
340 222
390 480
913 832
88 890
410 389
445 660
15 742
292 358
876 734
501 564
962 860
213 643
383 471
222 264
572 848
979 110
571 755
785 535
678 271
287 352
751 304
155 383
548 505
821 221
620 754
864 804
280 662
997 880
320 254
110 518
750 528
465 265
231 59
347 1
544 447
684 807
456 960
225 825
739 563
424 679
627 144
299 303
685 517
176 701
386 342
530 300
655 943
956 440
630 225
533 373
395 744
789 897
16 601
647 233
19 3
413 748
642 804
214 439
244 971
369 573
58 987
654 929
662 651
170 438
456 293
652 818
409 597
101 413
486 272
431 90
395 134
316 391
622 705
468 447
802 491
315 617
783 182
260 965
267 833
693 393
696 125
809 929
632 118
424 599
430 767
405 517
388 533
117 894
857 713
586 732
933 329
564 839
569 401
385 331
861 841
486 575
305 187
290 160
407 136
82 950
752 689
445 181
955 150
592 134
426 314
379 25
107 773
813 213
426 814
63 897
396 543
164 865
75 646
542 214
602 118
766 959
550 628
906 828
533 280
740 855
892 749
631 317
566 216
682 949
774 107
71 465
158 454
708 480
684 223
666 146
517 606
444 557
109 329
38 543
426 488
388 793
464 46
187 232
355 657
393 784
213 614
358 834
467 91
218 374
947 608
178 589
8 654
332 571
298 827
441 764
830 459
445 557
162 787
92 542
913 37
875 518
612 899
459 905
291 199
580 356
827 205
943 448
802 970
285 345
693 239
736 512
83 825
946 165
83 764
443 899
648 667
843 728
65 945
92 991
308 298
129 633
657 501
25 257
628 728
740 785
292 953
812 758
798 673
657 290
200 802
719 280
193 401
473 867
117 321
851 435
368 445
573 564
670 795
699 298
458 789
994 85
117 853
447 744
514 321
524 404
724 535
333 575
528 839
263 825
623 625
685 266
423 513
310 586
629 97
459 591
501 167
62 82
494 277
98 887
645 461
459 629
745 947
409 754
137 172
855 825
266 310
121 903
756 83
125 900
803 23
610 736
965 270
107 910
99 583
372 852
703 712
801 681
445 439
74 299
424 923
668 692
164 615
982 106
611 188
414 507
738 163
558 374
356 529
701 277
466 635
836 725
210 16
827 1000
408 794
600 718
567 688
542 620
514 829
255 644
351 339
235 463
880 975
173 875
195 454
200 860
379 875
297 494
769 794
434 730
463 658
27 937
969 782
729 489
677 93
485 237
683 821
248 639
648 325
243 824
882 897
445 1000
497 695
197 627
241 659
465 645
97 124
441 493
704 603
855 189
535 457
263 495
335 785
180 767
682 826
585 739
6 428
841 117
883 173
124 138
656 61
256 704
642 257
288 663
753 136
625 357
67 974
633 638
34 353
762 200
682 911
724 724
434 357
342 587
418 791
123 335
407 445
847 376
311 500
252 838
330 238
59 755
637 218
215 422
287 622
468 776
61 57
371 263
643 974
823 453
299 845
540 367
283 683
242 694
542 353
415 385
357 353
60 518
821 287
333 973
237 702
472 580
529 689
771 601
883 680
851 379
821 515
250 366
413 134
556 605
405 118
437 143
150 569
498 240
268 962
300 286
252 678
843 792
792 657
479 26
279 673
136 559
771 237
675 268
342 418
510 710
245 374
561 312
202 758
717 974
866 6
377 460
60 287
160 510
522 811
556 369
920 836
213 59
435 933
333 521
513 717
5 758
11 207
549 185
640 32
395 881
407 393
925 728
204 795
799 423
288 744
411 573
359 186
901 317
994 929
199 452
534 653
265 115
109 319
452 361
96 545
339 121
920 761
380 258
292 354
137 482
659 103
921 355
249 807
308 824
86 821
619 632
311 699
519 264
507 703
577 158
661 934
690 385
64 371
470 208
909 320
341 417
63 523
916 719
691 288
709 560
917 323
665 835
1 375
557 771
387 423
787 430
33 249
839 3
792 225
944 44
932 713
157 38
46 247
375 313
9 433
411 864
756 143
556 223
507 811
419 494
367 524
243 429
523 550
656 4
688 710
283 839
544 678
316 497
801 979
548 752
282 178
405 506
228 848
660 826
749 53
523 669
572 714
346 370
500 258
788 767
59 504
1 993
523 929
862 305
996 96
542 168
470 978
576 327
279 657
664 635
143 603
551 113
955 895
490 507
550 823
820 608
682 605
57 990
152 351
159 428
953 760
977 261
249 833
206 455
87 524
481 517
400 358
576 864
475 97
93 14
283 664
612 660
54 365
979 14
220 767
301 717
297 606
110 315
148 893
306 398
470 216
244 644
324 576
390 555
568 320
559 668
659 248
577 874
997 794
650 610
657 44
150 431
349 542
748 145
288 973
158 375
845 945
240 636
472 799
253 533
14 646
781 408
188 692
627 968
785 568
885 905
591 264
969 841
553 579
382 563
605 133
184 847
136 388
875 485
816 935
166 192
591 121
708 217
78 893
479 281
635 795
599 749
778 560
753 547
127 537
528 758
716 296
739 295
722 68
720 465
563 608
955 856
532 863
956 704
575 169
626 879
445 54
411 887
713 575
666 432
622 86
474 627
173 373
935 593
291 485
596 839
813 28
611 962
188 992
957 276
729 173
459 883
819 824
430 556
609 169
237 68
3 523
102 323
886 395
46 580
589 397
246 828
15 393
697 277
858 971
353 714
375 623
237 292
699 995
300 950
570 65
883 403
597 724
487 302
229 417
428 902
973 120
898 647
87 942
179 399
222 38
94 389
759 955
444 556
39 483
500 305
719 764
801 77
169 581
876 672
495 417
530 675
207 763
591 648
57 645
987 481
172 806
715 269
650 108
197 766
605 635
252 968
129 897
630 283
667 983
72 887
418 587
648 935
387 878
895 57
720 183
358 809
364 647
183 573
852 817
338 815
803 46
255 843
731 984
692 803
437 560
194 387
537 773
930 56
344 64
249 479
781 272
101 918
739 776
384 416
947 451
711 313
918 641
291 527
427 520
822 991
761 957
549 361
838 665
297 213
515 565
837 953
775 393
139 416
727 333
766 76
769 197
157 196
965 435
675 944
888 913
359 548
320 6
236 621
336 377
247 777
448 368
754 948
275 133
783 113
270 334
838 939
522 246
36 943
570 850
657 253
679 610
33 473
145 534
180 478
351 825
102 588
67 977
584 879
703 226
458 257
197 244
115 776
636 241
938 635
330 489
281 815
830 510
588 740
318 492
410 587
375 83
312 248
136 599
583 770
362 770
136 425
88 295
324 585
400 452
138 648
625 361
536 795
212 382
444 775
323 910
884 176
639 351
945 285
438 907
599 692
715 559
542 213
649 813
56 438
858 833
492 594
585 317
302 16
773 100
621 777
893 314
912 156
741 521
288 513
192 599
326 384
330 232
452 623
545 386
887 406
101 410
792 958
897 696
504 407
238 787
960 768
340 250
556 839
484 305
294 206
813 600
89 386
191 671
689 746
40 702
941 809
567 344
563 377
464 340
171 777
85 630
416 321
557 190
440 382
731 565
386 870
198 748
327 963
598 889
887 981
124 327
498 595
850 107
844 443
612 433
255 97
74 279
704 839
783 97
475 493
767 545
708 797
351 593
574 677
380 158
577 393
90 867
113 519
427 398
207 753
420 834
330 798
302 762
477 580
332 113
155 518
442 942
693 244
98 805
382 631
595 956
457 651
236 423
783 633
580 137
572 711
572 151
824 827
623 123
416 545
612 742
360 567
92 934
463 537
598 652
695 262
275 298
304 484
909 878
981 258
85 11
839 134
620 830
585 284
210 768
486 588
206 639
248 334
928 195
312 606
142 178
534 426
396 647
811 390
846 801
735 505
721 540
333 892
613 720
530 592
12 22
559 160
669 959
403 947
763 313
56 861
576 343
137 353
299 363
438 785
965 341
24 458
477 633
22 402
604 735
856 315
452 358
547 664
367 724
717 248
149 737
288 830
393 453
459 473
806 48
557 831
574 785
450 188
690 524
654 54
321 269
156 879
285 310
225 549
176 430
768 879
114 608
803 525
814 147
495 251
95 809
606 188
579 175
900 725
286 608
409 687
718 199
425 86
650 296
76 559
250 88
479 584
423 824
528 474
655 232
444 754
531 932
899 872
152 174
438 774
775 975
356 929
522 387
280 318
696 665
551 163
908 999
524 866
383 802
859 498
983 478
236 338
673 293
655 659
577 700
839 505
627 208
619 710
764 241
675 505
431 64
381 169
45 386
613 209
352 556
40 255
675 986
823 358
97 770
165 502
557 188
183 723
522 791
216 774
10 371
360 521
11 737
528 337
451 902
374 729
755 997
609 204
267 863
892 753
555 157
974 430
389 639
701 472
596 337
818 19
155 573
216 743
465 684
620 903
180 995
695 889
260 589
233 354
466 965
780 625
972 20
677 33
499 48
256 433
805 281
878 653
437 233
269 80
470 309
449 421
939 141
541 588
377 530
547 206
258 632
193 415
839 370
580 682
48 498
299 512
528 541
767 893
713 73
262 662
380 920
304 695
103 111
333 597
759 744
871 729
350 469
324 941
38 332
153 673
290 669
928 638
464 611
451 560
96 984
993 2
791 413
600 234
760 207
850 748
495 675
104 970
931 17
844 746
371 441
480 502
38 905
337 807
397 446
388 177
857 351
511 124
166 496
703 570
787 971
788 507
305 765
204 561
73 514
589 760
771 552
305 497
914 363
459 704
115 582
17 474
752 740
350 206
370 536
915 839
476 279
306 234
835 211
825 146
460 975
549 404
786 62
7 16
798 55
440 430
882 3
317 98
428 433
576 144
268 836
461 321
327 400
707 856
68 66
704 755
435 67
590 384
485 511
528 228
591 884
645 84
197 53
272 573
999 673
243 697
435 167
272 676
524 235
634 683
528 612
759 310
565 705
74 377
956 315
706 118
958 145
733 520
625 433
24 347
45 960
409 755
703 303
612 948
245 333
618 379
474 654
389 253
290 687
463 969
614 701
398 248
134 546
130 907
815 776
676 815
338 566
839 836
152 886
495 112
101 579
208 246
697 580
522 403
419 377
745 994
635 971
513 441
313 489
210 10
634 713
96 102
571 847
165 377
388 917
225 793
785 33
965 909
71 637
304 81
475 18
258 848
610 368
419 584
327 283
307 848
693 213
238 845
178 863
808 713
851 488
869 342
84 558
799 221
570 636
26 901
31 484
290 810
907 371
915 985
725 579
