5000
879 878
1656 1655
3745 3744
4032 4031
2656 2655
4071 4070
3685 3684
4635 4634
4566 4565
672 671
645 644
1522 1521
2835 2834
3608 3607
3708 3707
4010 4009
2812 2811
1273 1272
512 511
3994 3993
1119 1118
2759 2758
2021 2020
3269 3268
2466 2465
858 857
4785 4784
636 635
1966 1965
4627 4626
2219 2218
1722 1721
4222 4221
2497 2496
1797 1796
1605 1604
4441 4440
2754 2753
2758 2757
727 726
287 286
4209 4208
3632 3631
3848 3847
1964 1963
2821 2820
88 87
1005 1004
1428 1427
3020 3019
381 380
1717 1716
262 261
1945 1944
2581 2580
867 866
3406 3405
1307 1306
1054 1053
2960 2959
3118 3117
1540 1539
170 169
907 906
1260 1259
10 9
4638 4637
3514 3513
844 843
1715 1714
556 555
2620 2619
4147 4146
3741 3740
2439 2438
4859 4858
684 683
2611 2610
1151 1150
323 322
948 947
2274 2273
336 335
4012 4011
4219 4218
3157 3156
4389 4388
603 602
3179 3178
942 941
2052 2051
2071 2070
2150 2149
553 552
3535 3534
3602 3601
1846 1845
2139 2138
3247 3246
1590 1589
380 379
2816 2815
1502 1501
3379 3378
3759 3758
3417 3416
583 582
1140 1139
4648 4647
4723 4722
2572 2571
1040 1039
3241 3240
962 961
2529 2528
4174 4173
614 613
3470 3469
2930 2929
1720 1719
794 793
4120 4119
2970 2969
3433 3432
3272 3271
3155 3154
1935 1934
3767 3766
2314 2313
1503 1502
2245 2244
3094 3093
989 988
108 107
1593 1592
288 287
3280 3279
3256 3255
2673 2672
2040 2039
4904 4903
3949 3948
1923 1922
4356 4355
2098 2097
3721 3720
3664 3663
486 485
1278 1277
4545 4544
3788 3787
2526 2525
3554 3553
1890 1889
1813 1812
4686 4685
1324 1323
3996 3995
1974 1973
2122 2121
224 223
3769 3768
2363 2362
3491 3490
3990 3989
2567 2566
3555 3554
2086 2085
1965 1964
3774 3773
138 137
3681 3680
3167 3166
3866 3865
1926 1925
3641 3640
305 304
220 219
3375 3374
1331 1330
951 950
1134 1133
4103 4102
4712 4711
3858 3857
2546 2545
689 688
3282 3281
1339 1338
4259 4258
848 847
376 375
239 238
2260 2259
2210 2209
4538 4537
3408 3407
211 210
3468 3467
4414 4413
3251 3250
797 796
3953 3952
4333 4332
1879 1878
150 149
309 308
2395 2394
1988 1987
1249 1248
4223 4222
1738 1737
2191 2190
2731 2730
4661 4660
3932 3931
20 19
1124 1123
2378 2377
3626 3625
2020 2019
4649 4648
4192 4191
4397 4396
671 670
2913 2912
705 704
830 829
4941 4940
1901 1900
3092 3091
1066 1065
2950 2949
400 399
2022 2021
148 147
3811 3810
3415 3414
4677 4676
3704 3703
622 621
4179 4178
4189 4188
2307 2306
1608 1607
4263 4262
1553 1552
1463 1462
2262 2261
2837 2836
621 620
1130 1129
4206 4205
3832 3831
4656 4655
2130 2129
4002 4001
2067 2066
2446 2445
1530 1529
350 349
1166 1165
568 567
4275 4274
1343 1342
3622 3621
3190 3189
4141 4140
3851 3850
2833 2832
864 863
1294 1293
2870 2869
2412 2411
1666 1665
3893 3892
4133 4132
4391 4390
757 756
2008 2007
4040 4039
2501 2500
1274 1273
2259 2258
1681 1680
852 851
4755 4754
3657 3656
3556 3555
3705 3704
887 886
2294 2293
1546 1545
4653 4652
878 877
4496 4495
3831 3830
2511 2510
393 392
4176 4175
3146 3145
276 275
3711 3710
3192 3191
3032 3031
2483 2482
2030 2029
3822 3821
1842 1841
2674 2673
1789 1788
4903 4902
102 101
2872 2871
3970 3969
3819 3818
3456 3455
1019 1018
1705 1704
2162 2161
3913 3912
4097 4096
2295 2294
1491 1490
3242 3241
185 184
4108 4107
3806 3805
4821 4820
1979 1978
1653 1652
3285 3284
2360 2359
4634 4633
820 819
3654 3653
3475 3474
4902 4901
4691 4690
4085 4084
4400 4399
3793 3792
3567 3566
3120 3119
630 629
1334 1333
1972 1971
777 776
2390 2389
1059 1058
1548 1547
3915 3914
3372 3371
3682 3681
2084 2083
2975 2974
2781 2780
3512 3511
3483 3482
490 489
2397 2396
2373 2372
2183 2182
1599 1598
4874 4873
3457 3456
4639 4638
2444 2443
3778 3777
1165 1164
2402 2401
623 622
4329 4328
2678 2677
845 844
3143 3142
3541 3540
4384 4383
4743 4742
2475 2474
3065 3064
1824 1823
4945 4944
608 607
3398 3397
1807 1806
3523 3522
649 648
4428 4427
2172 2171
793 792
4742 4741
2643 2642
4608 4607
3896 3895
803 802
3650 3649
1479 1478
4301 4300
4014 4013
2473 2472
344 343
4906 4905
2976 2975
505 504
2428 2427
2544 2543
1729 1728
169 168
57 56
432 431
1393 1392
1099 1098
3369 3368
1422 1421
1303 1302
4083 4082
3427 3426
3166 3165
997 996
1706 1705
3507 3506
1571 1570
3801 3800
2426 2425
415 414
1875 1874
4690 4689
3841 3840
1412 1411
2959 2958
2670 2669
4448 4447
2438 2437
2283 2282
1259 1258
1001 1000
1954 1953
4055 4054
4826 4825
869 868
3274 3273
3185 3184
253 252
4956 4955
4752 4751
4031 4030
1989 1988
2063 2062
4588 4587
808 807
3918 3917
2562 2561
4751 4750
4144 4143
3518 3517
3569 3568
2396 2395
1816 1815
3163 3162
2817 2816
3360 3359
792 791
2829 2828
4908 4907
2928 2927
4196 4195
1310 1309
4540 4539
1103 1102
1769 1768
3376 3375
4361 4360
173 172
4476 4475
1809 1808
3384 3383
154 153
334 333
1267 1266
3116 3115
4605 4604
2553 2552
320 319
679 678
3536 3535
1739 1738
2101 2100
1288 1287
4879 4878
4986 4985
1566 1565
4362 4361
4122 4121
1340 1339
3249 3248
1214 1213
3679 3678
124 123
1518 1517
2484 2483
3421 3420
361 360
290 289
244 243
204 203
4536 4535
3593 3592
1016 1015
1275 1274
3444 3443
779 778
980 979
4434 4433
4527 4526
735 734
2636 2635
4562 4561
3231 3230
919 918
3270 3269
875 874
2594 2593
1534 1533
2195 2194
1774 1773
2372 2371
1930 1929
4153 4152
842 841
3916 3915
2045 2044
2382 2381
2598 2597
223 222
1810 1809
3791 3790
1922 1921
1747 1746
1355 1354
1631 1630
785 784
1395 1394
3262 3261
2566 2565
643 642
327 326
4812 4811
2776 2775
1008 1007
2892 2891
3414 3413
4573 4572
366 365
2658 2657
2757 2756
4795 4794
2742 2741
2268 2267
1781 1780
1873 1872
2855 2854
2764 2763
4485 4484
3642 3641
18 17
3653 3652
1474 1473
4298 4297
853 852
3413 3412
3273 3272
4493 4492
2527 2526
2018 2017
2229 2228
801 800
95 94
3807 3806
178 177
3362 3361
4486 4485
3397 3396
4504 4503
1318 1317
2956 2955
513 512
4126 4125
3667 3666
3328 3327
4151 4150
2803 2802
4436 4435
4429 4428
1337 1336
1446 1445
4502 4501
4581 4580
767 766
117 116
1108 1107
451 450
506 505
3478 3477
4336 4335
3407 3406
228 227
2132 2131
482 481
473 472
3695 3694
1133 1132
3495 3494
4666 4665
2823 2822
3901 3900
4377 4376
1126 1125
3275 3274
1129 1128
2376 2375
4990 4989
2243 2242
656 655
2667 2666
1114 1113
3747 3746
195 194
4718 4717
2120 2119
790 789
1610 1609
3170 3169
927 926
1457 1456
2900 2899
874 873
1397 1396
2839 2838
457 456
2980 2979
4386 4385
1628 1627
3128 3127
3246 3245
1668 1667
12 11
4570 4569
2206 2205
4934 4933
353 352
1257 1256
1366 1365
765 764
817 816
2768 2767
1375 1374
3644 3643
4159 4158
1716 1715
3194 3193
3662 3661
632 631
1785 1784
2748 2747
3761 3760
586 585
4113 4112
1787 1786
3894 3893
4354 4353
1801 1800
2005 2004
4338 4337
1053 1052
4318 4317
1594 1593
3046 3045
2420 2419
3780 3779
3124 3123
894 893
3137 3136
558 557
3337 3336
4264 4263
3874 3873
2798 2797
2198 2197
664 663
4226 4225
3311 3310
4197 4196
2794 2793
1048 1047
4435 4434
3380 3379
4641 4640
360 359
3082 3081
4564 4563
4893 4892
3014 3013
3195 3194
1659 1658
2129 2128
1198 1197
2099 2098
1305 1304
2452 2451
2679 2678
780 779
3987 3986
1435 1434
1520 1519
3460 3459
1905 1904
1741 1740
2891 2890
3445 3444
4646 4645
4768 4767
4258 4257
987 986
4352 4351
1887 1886
153 152
1405 1404
3187 3186
4060 4059
259 258
714 713
4342 4341
2623 2622
233 232
3214 3213
4046 4045
2234 2233
4129 4128
2058 2057
3250 3249
2699 2698
1258 1257
4567 4566
1201 1200
4754 4753
534 533
3205 3204
1766 1765
2953 2952
1662 1661
231 230
1255 1254
3766 3765
1348 1347
1156 1155
1521 1520
1859 1858
2128 2127
2225 2224
494 493
298 297
3616 3615
2533 2532
703 702
3875 3874
2836 2835
1229 1228
918 917
1379 1378
3895 3894
2965 2964
2436 2435
1028 1027
1020 1019
515 514
1948 1947
1327 1326
1620 1619
3323 3322
2931 2930
1265 1264
3077 3076
514 513
63 62
3763 3762
2124 2123
2320 2319
2104 2103
4551 4550
2539 2538
4438 4437
1973 1972
3754 3753
4642 4641
3614 3613
1026 1025
1043 1042
3107 3106
3049 3048
1993 1992
4188 4187
2799 2798
251 250
440 439
127 126
1770 1769
834 833
1851 1850
3984 3983
3338 3337
3162 3161
1680 1679
4359 4358
977 976
2102 2101
2565 2564
2093 2092
1976 1975
2340 2339
3582 3581
1369 1368
1139 1138
3566 3565
364 363
208 207
1167 1166
1841 1840
3332 3331
2230 2229
2034 2033
1759 1758
546 545
1783 1782
2726 2725
1101 1100
3856 3855
3537 3536
4597 4596
1742 1741
4531 4530
991 990
3540 3539
4042 4041
4439 4438
1838 1837
1811 1810
720 719
3720 3719
4494 4493
1570 1569
3015 3014
4575 4574
4425 4424
1980 1979
743 742
3339 3338
3359 3358
2619 2618
1455 1454
2901 2900
3117 3116
752 751
2110 2109
3930 3929
3442 3441
1698 1697
2874 2873
1689 1688
52 51
4571 4570
2138 2137
4077 4076
1673 1672
4059 4058
4240 4239
2801 2800
1174 1173
1736 1735
3016 3015
4231 4230
618 617
3671 3670
773 772
343 342
2000 1999
4968 4967
1588 1587
3562 3561
3439 3438
3080 3079
438 437
4079 4078
2552 2551
670 669
895 894
4308 4307
1136 1135
4218 4217
74 73
4383 4382
524 523
4782 4781
3845 3844
283 282
4668 4667
2851 2850
1505 1504
3724 3723
434 433
3988 3987
2946 2945
3122 3121
822 821
926 925
3688 3687
4522 4521
2244 2243
4011 4010
3069 3068
4501 4500
2785 2784
3978 3977
3756 3755
929 928
2405 2404
4771 4770
3208 3207
3089 3088
1004 1003
1185 1184
959 958
2111 2110
4730 4729
221 220
1195 1194
525 524
2136 2135
1635 1634
4148 4147
420 419
25 24
883 882
2676 2675
109 108
4149 4148
3432 3431
985 984
4378 4377
766 765
4781 4780
2024 2023
4257 4256
517 516
4623 4622
3154 3153
3997 3996
1209 1208
261 260
1863 1862
4015 4014
81 80
1855 1854
2669 2668
210 209
3012 3011
4793 4792
2811 2810
441 440
1523 1522
1986 1985
2882 2881
2884 2883
2338 2337
1254 1253
3725 3724
3546 3545
4554 4553
1290 1289
1163 1162
2299 2298
4101 4100
821 820
3611 3610
4468 4467
3927 3926
639 638
812 811
4214 4213
392 391
916 915
2591 2590
4358 4357
2232 2231
3863 3862
1073 1072
172 171
4082 4081
485 484
3873 3872
4460 4459
4135 4134
2710 2709
1192 1191
168 167
2441 2440
1285 1284
925 924
1036 1035
3921 3920
2392 2391
3041 3040
2660 2659
3261 3260
4114 4113
4516 4515
955 954
123 122
1658 1657
642 641
909 908
1094 1093
3382 3381
4993 4992
1977 1976
4337 4336
3592 3591
4962 4961
1911 1910
2253 2252
377 376
3425 3424
212 211
3687 3686
2639 2638
3381 3380
3982 3981
4419 4418
4462 4461
3862 3861
2706 2705
759 758
206 205
136 135
2841 2840
4861 4860
4944 4943
543 542
1013 1012
1924 1923
1856 1855
267 266
4341 4340
4253 4252
4266 4265
1519 1518
3291 3290
3297 3296
424 423
2697 2696
640 639
3733 3732
1153 1152
1420 1419
3469 3468
1322 1321
1757 1756
2695 2694
551 550
2638 2637
3350 3349
2844 2843
3885 3884
4553 4552
872 871
4008 4007
1194 1193
2079 2078
3828 3827
2031 2030
2607 2606
4816 4815
4844 4843
264 263
1597 1596
3053 3052
1225 1224
3872 3871
881 880
4309 4308
1110 1109
1663 1662
2275 2274
3528 3527
1868 1867
2324 2323
4568 4567
2625 2624
3840 3839
1361 1360
931 930
4234 4233
4029 4028
1123 1122
3177 3176
3849 3848
4688 4687
2180 2179
2462 2461
3912 3911
2832 2831
2293 2292
2065 2064
3324 3323
2663 2662
1886 1885
1403 1402
1699 1698
1721 1720
4665 4664
2169 2168
1381 1380
4498 4497
68 67
750 749
2025 2024
3061 3060
4654 4653
1938 1937
4124 4123
3200 3199
1402 1401
3779 3778
2054 2053
3757 3756
4873 4872
1586 1585
2943 2942
363 362
1804 1803
1772 1771
3402 3401
3485 3484
478 477
2406 2405
2504 2503
4991 4990
2905 2904
2689 2688
1934 1933
2790 2789
4614 4613
2431 2430
477 476
3959 3958
1199 1198
347 346
719 718
4802 4801
1572 1571
839 838
3824 3823
4317 4316
3351 3350
3073 3072
2383 2382
950 949
502 501
1147 1146
3159 3158
694 693
2856 2855
3908 3907
1917 1916
4312 4311
4465 4464
941 940
279 278
4954 4953
4618 4617
4872 4871
453 452
665 664
981 980
4542 4541
3615 3614
3692 3691
4155 4154
3418 3417
340 339
4983 4982
999 998
4973 4972
2634 2633
1953 1952
4076 4075
4009 4008
155 154
4482 4481
1003 1002
710 709
1645 1644
4171 4170
682 681
1500 1499
34 33
1913 1912
245 244
3135 3134
4181 4180
582 581
1767 1766
4922 4921
1160 1159
1360 1359
2237 2236
4920 4919
4340 4339
4726 4725
3123 3122
2712 2711
1558 1557
1962 1961
3355 3354
1431 1430
3084 3083
39 38
3222 3221
1808 1807
3713 3712
4591 4590
4017 4016
900 899
2585 2584
137 136
3048 3047
1652 1651
650 649
1079 1078
1845 1844
3481 3480
2068 2067
4265 4264
4269 4268
2728 2727
235 234
1227 1226
4685 4684
567 566
2185 2184
2255 2254
4288 4287
3751 3750
1218 1217
3979 3978
3173 3172
4421 4420
3305 3304
225 224
2265 2264
2028 2027
742 741
1940 1939
2827 2826
2427 2426
1399 1398
324 323
243 242
2578 2577
4294 4293
3386 3385
3833 3832
2053 2052
3940 3939
4622 4621
2509 2508
3412 3411
1461 1460
3570 3569
4224 4223
3935 3934
2239 2238
3354 3353
3028 3027
3580 3579
405 404
2362 2361
3142 3141
227 226
1342 1341
2066 2065
3957 3956
1805 1804
4452 4451
2654 2653
4556 4555
4195 4194
4346 4345
2589 2588
3 2
3853 3852
870 869
3510 3509
3658 3657
4490 4489
1406 1405
4958 4957
859 858
1230 1229
3374 3373
4800 4799
3152 3151
2238 2237
3496 3495
4658 4657
2291 2290
303 302
1967 1966
4598 4597
4186 4185
4526 4525
3564 3563
2924 2923
3056 3055
3030 3029
1242 1241
1660 1659
3299 3298
4589 4588
1280 1279
4165 4164
1233 1232
4870 4869
1497 1496
94 93
1647 1646
1983 1982
2178 2177
871 870
3758 3757
54 53
4539 4538
3542 3541
1216 1215
1565 1564
3129 3128
2292 2291
2016 2015
73 72
64 63
3680 3679
1100 1099
1710 1709
4609 4608
1132 1131
2450 2449
1906 1905
4750 4749
4049 4048
4440 4439
144 143
4331 4330
3446 3445
2199 2198
2818 2817
3914 3913
4932 4931
1291 1290
1587 1586
2879 2878
2327 2326
2472 2471
119 118
2107 2106
4278 4277
4714 4713
1844 1843
2353 2352
946 945
4761 4760
2820 2819
3486 3485
4796 4795
756 755
3727 3726
4466 4465
646 645
4794 4793
2147 2146
4065 4064
1496 1495
2209 2208
1418 1417
4066 4065
1580 1579
1575 1574
2187 2186
748 747
579 578
1204 1203
2575 2574
1509 1508
1755 1754
523 522
1908 1907
1157 1156
930 929
72 71
240 239
4281 4280
3010 3009
3367 3366
284 283
427 426
452 451
3689 3688
940 939
559 558
3461 3460
2061 2060
1874 1873
4123 4122
2491 2490
3459 3458
4395 4394
4137 4136
1009 1008
3981 3980
4673 4672
1591 1590
4228 4227
2637 2636
1107 1106
4992 4991
199 198
3971 3970
4862 4861
3640 3639
2087 2086
3973 3972
949 948
1314 1313
4509 4508
1367 1366
1052 1051
2532 2531
4505 4504
2622 2621
751 750
604 603
4713 4712
371 370
3508 3507
4741 4740
3257 3256
2583 2582
2027 2026
2510 2509
660 659
3199 3198
688 687
2797 2796
161 160
3063 3062
3661 3660
2498 2497
318 317
1122 1121
386 385
4025 4024
619 618
2226 2225
728 727
3630 3629
112 111
2523 2522
585 584
798 797
216 215
4178 4177
2454 2453
609 608
2127 2126
4344 4343
1468 1467
953 952
4704 4703
214 213
3852 3851
4013 4012
1537 1536
368 367
3437 3436
1332 1331
4860 4859
4417 4416
1524 1523
1839 1838
3683 3682
3043 3042
1613 1612
2002 2001
2456 2455
613 612
2979 2978
3647 3646
2135 2134
3722 3721
3797 3796
1834 1833
2100 2099
3482 3481
2410 2409
2190 2189
3358 3357
4901 4900
4433 4432
1664 1663
1701 1700
4048 4047
4818 4817
3669 3668
1271 1270
4640 4639
600 599
3948 3947
4807 4806
443 442
4931 4930
1127 1126
988 987
2254 2253
2857 2856
3091 3090
76 75
4735 4734
229 228
3980 3979
3492 3491
3983 3982
1871 1870
4510 4509
4756 4755
4290 4289
2574 2573
2413 2412
1777 1776
4507 4506
16 15
2493 2492
637 636
1030 1029
4373 4372
2121 2120
500 499
197 196
337 336
4579 4578
972 971
1951 1950
2384 2383
4175 4174
3018 3017
2707 2706
1963 1962
4617 4616
3583 3582
4722 4721
4110 4109
4804 4803
818 817
638 637
4260 4259
3383 3382
3505 3504
4612 4611
2613 2612
4250 4249
4293 4292
4075 4074
1661 1660
2223 2222
469 468
903 902
4418 4417
1499 1498
549 548
2937 2936
1377 1376
4780 4779
1203 1202
53 52
4766 4765
653 652
978 977
1442 1441
1 4999
1525 1524
3923 3922
2119 2118
3587 3586
2878 2877
2524 2523
2889 2888
4007 4006
2296 2295
2904 2903
1373 1372
1735 1734
1695 1694
2920 2919
191 190
4911 4910
3040 3039
4900 4899
2744 2743
2973 2972
3243 3242
2458 2457
3843 3842
4819 4818
215 214
4233 4232
2664 2663
4095 4094
492 491
4520 4519
522 521
1798 1797
26 25
1196 1195
491 490
975 974
3074 3073
734 733
1881 1880
3578 3577
2092 2091
3202 3201
2329 2328
3223 3222
3762 3761
4353 4352
1831 1830
716 715
588 587
348 347
1611 1610
1002 1001
4543 4542
2140 2139
4454 4453
4326 4325
3320 3319
188 187
2057 2056
2461 2460
3364 3363
596 595
17 16
2985 2984
4016 4015
4948 4947
724 723
666 665
2197 2196
134 133
2863 2862
1487 1486
1349 1348
1205 1204
4858 4857
1907 1906
4788 4787
782 781
3729 3728
633 632
2205 2204
3974 3973
4311 4310
3271 3270
1492 1491
3943 3942
868 867
581 580
3307 3306
4846 4845
67 66
4980 4979
4746 4745
4483 4482
4380 4379
2945 2944
1912 1911
856 855
194 193
1121 1120
2408 2407
3513 3512
3471 3470
3493 3492
2508 2507
1172 1171
1057 1056
4277 4276
2069 2068
2708 2707
4449 4448
832 831
2995 2994
3589 3588
1682 1681
3344 3343
205 204
4629 4628
984 983
1595 1594
2401 2400
2792 2791
2760 2759
2741 2740
388 387
1751 1750
2847 2846
49 48
4798 4797
1277 1276
48 47
2701 2700
3552 3551
2756 2755
367 366
2374 2373
575 574
1694 1693
1576 1575
182 181
3476 3475
3869 3868
2290 2289
4450 4449
697 696
809 808
1152 1151
3601 3600
580 579
3732 3731
2312 2311
186 185
4578 4577
1206 1205
3098 3097
3670 3669
1916 1915
2714 2713
897 896
3798 3797
961 960
1390 1389
882 881
4296 4295
2051 2050
1083 1082
4523 4522
2592 2591
1899 1898
2807 2806
4866 4865
3723 3722
3998 3997
2518 2517
3551 3550
2773 2772
3884 3883
4284 4283
1876 1875
83 82
4390 4389
1210 1209
2492 2491
770 769
4727 4726
2149 2148
2334 2333
2080 2079
2106 2105
3141 3140
4576 4575
3392 3391
435 434
2042 2041
4092 4091
3263 3262
3752 3751
1756 1755
2853 2852
3258 3257
3450 3449
1183 1182
823 822
922 921
3220 3219
3549 3548
1306 1305
100 99
1685 1684
898 897
2309 2308
4734 4733
3236 3235
993 992
4255 4254
4051 4050
459 458
3770 3769
3429 3428
1632 1631
1780 1779
315 314
3110 3109
1956 1955
4853 4852
1758 1757
3370 3369
4140 4139
3385 3384
628 627
1301 1300
1828 1827
2082 2081
13 12
2988 2987
1092 1091
4261 4260
4432 4431
2490 2489
342 341
1137 1136
1665 1664
4695 4694
1050 1049
970 969
4096 4095
2815 2814
1239 1238
3313 3312
2242 2241
3093 3092
2165 2164
1517 1516
4078 4077
527 526
226 225
2993 2992
1732 1731
3396 3395
38 37
4273 4272
2503 2502
122 121
2014 2013
1642 1641
1865 1864
3368 3367
814 813
2284 2283
676 675
747 746
2481 2480
1171 1170
2895 2894
620 619
1097 1096
2411 2410
4020 4019
2248 2247
2661 2660
2642 2641
1612 1611
4783 4782
4270 4269
4499 4498
992 991
2311 2310
2250 2249
4731 4730
252 251
2563 2562
2465 2464
2793 2792
2379 2378
1703 1702
475 474
934 933
3422 3421
1915 1914
3820 3819
3964 3963
753 752
1920 1919
1683 1682
3771 3770
2186 2185
3357 3356
4241 4240
540 539
1409 1408
2824 2823
4062 4061
4841 4840
4572 4571
1150 1149
1177 1176
3259 3258
4360 4359
4896 4895
4836 4835
1921 1920
4884 4883
3703 3702
2048 2047
4776 4775
4190 4189
2366 2365
307 306
3260 3259
3395 3394
4139 4138
2277 2276
1067 1066
1378 1377
1740 1739
3217 3216
4164 4163
698 697
4324 4323
4314 4313
1438 1437
4157 4156
3281 3280
3517 3516
1943 1942
468 467
1039 1038
416 415
4843 4842
4988 4987
4549 4548
1609 1608
4679 4678
1538 1537
2326 2325
659 658
1561 1560
529 528
2692 2691
1329 1328
923 922
4662 4661
2580 2579
142 141
4503 4502
1937 1936
4365 4364
4455 4454
706 705
3559 3558
406 405
1085 1084
994 993
2944 2943
4387 4386
3292 3291
3254 3253
372 371
3298 3297
1170 1169
4740 4739
631 630
1707 1706
4334 4333
4711 4710
46 45
1624 1623
3726 3725
4982 4981
271 270
4655 4654
346 345
732 731
4168 4167
4885 4884
1222 1221
3646 3645
3579 3578
4995 4994
3815 3814
4112 4111
2749 2748
394 393
2865 2864
2270 2269
4877 4876
3568 3567
4560 4559
3165 3164
3772 3771
3548 3547
2890 2889
3083 3082
2400 2399
3889 3888
2596 2595
4004 4003
4999 4998
4121 4120
3458 3457
3892 3891
357 356
2091 2090
1539 1538
945 944
4156 4155
795 794
3857 3856
3609 3608
4316 4315
3519 3518
2534 2533
2213 2212
375 374
4835 4834
3717 3716
4592 4591
3161 3160
2919 2918
2573 2572
4327 4326
2693 2692
2777 2776
2460 2459
2371 2370
863 862
1700 1699
3590 3589
4409 4408
4890 4889
1607 1606
1782 1781
1441 1440
241 240
2003 2002
891 890
4757 4756
967 966
560 559
2269 2268
3335 3334
1080 1079
1371 1370
3473 3472
2361 2360
3377 3376
1947 1946
4626 4625
1164 1163
4343 4342
3690 3689
4897 4896
1788 1787
4787 4786
293 292
4138 4137
4515 4514
3266 3265
1317 1316
1250 1249
2355 2354
489 488
555 554
3976 3975
1549 1548
921 920
3636 3635
4678 4677
4939 4938
2389 2388
330 329
3219 3218
597 596
2737 2736
71 70
3455 3454
2096 2095
3198 3197
3898 3897
1295 1294
4035 4034
973 972
312 311
4775 4774
1936 1935
3087 3086
2257 2256
4058 4057
4459 4458
2302 2301
675 674
4088 4087
4529 4528
2635 2634
1359 1358
3153 3152
3312 3311
3503 3502
1550 1549
3963 3962
4128 4127
1472 1471
3802 3801
1833 1832
1577 1576
1038 1037
472 471
533 532
4577 4576
329 328
1383 1382
3021 3020
2986 2985
1688 1687
1385 1384
1236 1235
135 134
1104 1103
171 170
4366 4365
4636 4635
4457 4456
1454 1453
111 110
764 763
1709 1708
802 801
1335 1334
4966 4965
1880 1879
4797 4796
218 217
1415 1414
3906 3905
1365 1364
3595 3594
3221 3220
3237 3236
4789 4788
1602 1601
3253 3252
4118 4117
827 826
35 34
939 938
2109 2108
1447 1446
479 478
3606 3605
2795 2794
3349 3348
606 605
4170 4169
3919 3918
2576 2575
285 284
2113 2112
2278 2277
1895 1894
3109 3108
3933 3932
277 276
470 469
3164 3163
151 150
4412 4411
4647 4646
3886 3885
4733 4732
1015 1014
3013 3012
3986 3985
2143 2142
1687 1686
4323 4322
1031 1030
4041 4040
2630 2629
2733 2732
3197 3196
3887 3886
966 965
862 861
2175 2174
3659 3658
410 409
129 128
4799 4798
3922 3921
158 157
2606 2605
2182 2181
4162 4161
4109 4108
374 373
3652 3651
3101 3100
3817 3816
4401 4400
44 43
2867 2866
2723 2722
1630 1629
745 744
4561 4560
1312 1311
373 372
4676 4675
1247 1246
4840 4839
1149 1148
2319 2318
3637 3636
2177 2176
2914 2913
602 601
384 383
840 839
1669 1668
713 712
4838 4837
2805 2804
2064 2063
4644 4643
1931 1930
503 502
4919 4918
3145 3144
1929 1928
651 650
2298 2297
1753 1752
4513 4512
4912 4911
2543 2542
1382 1381
260 259
1087 1086
1784 1783
700 699
3318 3317
3463 3462
4203 4202
2923 2922
829 828
1453 1452
488 487
2403 2402
1961 1960
141 140
3022 3021
4710 4709
4089 4088
1425 1424
1180 1179
2784 2783
1950 1949
1396 1395
2631 2630
2009 2008
1086 1085
3479 3478
4744 4743
1991 1990
1283 1282
730 729
2166 2165
737 736
877 876
4303 4302
3929 3928
308 307
3193 3192
758 757
2204 2203
4786 4785
313 312
4535 4534
2875 2874
2641 2640
593 592
3336 3335
1297 1296
3784 3783
3206 3205
4550 4549
2301 2300
3494 3493
356 355
1853 1852
1812 1811
2653 2652
1102 1101
3707 3706
3038 3037
861 860
2516 2515
4547 4546
1671 1670
1414 1413
1223 1222
2958 2957
266 265
1154 1153
2869 2868
1344 1343
4928 4927
2043 2042
2540 2539
1563 1562
4803 4802
447 446
4943 4942
4134 4133
2651 2650
4069 4068
2686 2685
297 296
1760 1759
595 594
404 403
1141 1140
3993 3992
4252 4251
2694 2693
4212 4211
3115 3114
3829 3828
180 179
3400 3399
943 942
1568 1567
4926 4925
2783 2782
3045 3044
4847 4846
3900 3899
4246 4245
2861 2860
3213 3212
2423 2422
97 96
156 155
3168 3167
3345 3344
511 510
2761 2760
983 982
4300 4299
86 85
1718 1717
4721 4720
3600 3599
4489 4488
2026 2025
542 541
2675 2674
3227 3226
3730 3729
2126 2125
4211 4210
2112 2111
2557 2556
4067 4066
3309 3308
387 386
3121 3120
4105 4104
3409 3408
3645 3644
4675 4674
2845 2844
3835 3834
2881 2880
1629 1628
3267 3266
3424 3423
47 46
1117 1116
2677 2676
617 616
1330 1329
4405 4404
4910 4909
2767 2766
4478 4477
370 369
3558 3557
1843 1842
2221 2220
2116 2115
103 102
601 600
311 310
4099 4098
2047 2046
1287 1286
1691 1690
439 438
2041 2040
1513 1512
1091 1090
4229 4228
4158 4157
3676 3675
1902 1901
90 89
4232 4231
3036 3035
3296 3295
1596 1595
4166 4165
938 937
2341 2340
3613 3612
3597 3596
2142 2141
1228 1227
126 125
3209 3208
1328 1327
2520 2519
2280 2279
2386 2385
2743 2742
1072 1071
3538 3537
914 913
2746 2745
116 115
4445 4444
445 444
2558 2557
3571 3570
1531 1530
2004 2003
125 124
3777 3776
4989 4988
3992 3991
3265 3264
2346 2345
3718 3717
1484 1483
2380 2379
3070 3069
4960 4959
2939 2938
982 981
2968 2967
4615 4614
409 408
2010 2009
2434 2433
521 520
2994 2993
1883 1882
3321 3320
193 192
358 357
4243 4242
762 761
1413 1412
4664 4663
4427 4426
3867 3866
2125 2124
4933 4932
4045 4044
562 561
4657 4656
399 398
1723 1722
1480 1479
2782 2781
1221 1220
2316 2315
4006 4005
1650 1649
4406 4405
1350 1349
2060 2059
4698 4697
4161 4160
3944 3943
3060 3059
2766 2765
4594 4593
3086 3085
3112 3111
1362 1361
3813 3812
572 571
715 714
4235 4234
4488 4487
1146 1145
2858 2857
2548 2547
1302 1301
3938 3937
4348 4347
2189 2188
711 710
510 509
247 246
1583 1582
947 946
3322 3321
4052 4051
131 130
133 132
995 994
4022 4021
2212 2211
4408 4407
4107 4106
1462 1461
933 932
3814 3813
974 973
4548 4547
2775 2774
4825 4824
3027 3026
2055 2054
4692 4691
3054 3053
2463 2462
2626 2625
1679 1678
1264 1263
1984 1983
2288 2287
349 348
3474 3473
1272 1271
3946 3945
1419 1418
1017 1016
2157 2156
2577 2576
4163 4162
589 588
391 390
2046 2045
4574 4573
775 774
4683 4682
275 274
1750 1749
4706 4705
3693 3692
3451 3450
3300 3299
2747 2746
2202 2201
426 425
3890 3889
4777 4776
3742 3741
498 497
2750 2749
2424 2423
4328 4327
87 86
1482 1481
4295 4294
561 560
890 889
1896 1895
3341 3340
1997 1996
19 18
3389 3388
3877 3876
4975 4974
2224 2223
998 997
4087 4086
4599 4598
2647 2646
422 421
4984 4983
4951 4950
2800 2799
3710 3709
345 344
3617 3616
4142 4141
2196 2195
3319 3318
2015 2014
2579 2578
2078 2077
2682 2681
1437 1436
1786 1785
281 280
913 912
92 91
1557 1556
2459 2458
3516 3515
1806 1805
2094 2093
4508 4507
1187 1186
3627 3626
1552 1551
4370 4369
222 221
3524 3523
4763 4762
4715 4714
4018 4017
3071 3070
1364 1363
3926 3925
3111 3110
3500 3499
2035 2034
2899 2898
3825 3824
4399 4398
4770 4769
3169 3168
1296 1295
4882 4881
1078 1077
2207 2206
177 176
2297 2296
4694 4693
255 254
2791 2790
163 162
1708 1707
3184 3183
50 49
4792 4791
2859 2858
774 773
2370 2369
761 760
888 887
2235 2234
2536 2535
3011 3010
4972 4971
2769 2768
3625 3624
3577 3576
132 131
3301 3300
4978 4977
3289 3288
1985 1984
455 454
78 77
4889 4888
4374 4373
1443 1442
3295 3294
3055 3054
1427 1426
2605 2604
1469 1468
641 640
4952 4951
4458 4457
2932 2931
749 748
4402 4401
4667 4666
2247 2246
79 78
4946 4945
2148 2147
4875 4874
2304 2303
1734 1733
2017 2016
571 570
1408 1407
179 178
3631 3630
2345 2344
3969 3968
4886 4885
1861 1860
1869 1868
31 30
4349 4348
3879 3878
1910 1909
3347 3346
3452 3451
3212 3211
448 447
3100 3099
4154 4153
1909 1908
351 350
4537 4536
192 191
4959 4958
1634 1633
417 416
577 576
2991 2990
3026 3025
2989 2988
4392 4391
4111 4110
2415 2414
2916 2915
648 647
4552 4551
2871 2870
1179 1178
2632 2631
85 84
652 651
4805 4804
800 799
2289 2288
75 74
2200 2199
4811 4810
3941 3940
2457 2456
3821 3820
3203 3202
4996 4995
545 544
2287 2286
4484 4483
4590 4589
130 129
683 682
414 413
831 830
1803 1802
3785 3784
464 463
2425 2424
3210 3209
1440 1439
4955 4954
1181 1180
114 113
3561 3560
2385 2384
1246 1245
1651 1650
3284 3283
3605 3604
1510 1509
4268 4267
160 159
3864 3863
4282 4281
2416 2415
2535 2534
2898 2897
1266 1265
3114 3113
4883 4882
4891 4890
3972 3971
1323 1322
2894 2893
1625 1624
2740 2739
612 611
2019 2018
3064 3063
2328 2327
3428 3427
4633 4632
624 623
3612 3611
1215 1214
3651 3650
4762 4761
40 39
3353 3352
2974 2973
355 354
1471 1470
4878 4877
4964 4963
4310 4309
1891 1890
4693 4692
2168 2167
4929 4928
3464 3463
4411 4410
594 593
2808 2807
1778 1777
3308 3307
3147 3146
3675 3674
3782 3781
1697 1696
3443 3442
493 492
4249 4248
256 255
937 936
2381 2380
2888 2887
1826 1825
4949 4948
4271 4270
2201 2200
1776 1775
3144 3143
3700 3699
286 285
2218 2217
4084 4083
3002 3001
3133 3132
837 836
4950 4949
1904 1903
2570 2569
4530 4529
2433 2432
1325 1324
4942 4941
1159 1158
3753 3752
599 598
181 180
4810 4809
1074 1073
754 753
3861 3860
1488 1487
539 538
1308 1307
2556 2555
2158 2157
1544 1543
1532 1531
408 407
3134 3133
658 657
1569 1568
3734 3733
2281 2280
4115 4114
4472 4471
389 388
2521 2520
3178 3177
4595 4594
917 916
2595 2594
1872 1871
2083 2082
668 667
2834 2833
3391 3390
687 686
4492 4491
4936 4935
2337 2336
2929 2928
4453 4452
379 378
1987 1986
2738 2737
592 591
2421 2420
2696 2695
2437 2436
2332 2331
708 707
24 23
3302 3301
531 530
3904 3903
1007 1006
190 189
3211 3210
1968 1967
3132 3131
4925 4924
1128 1127
474 473
520 519
2522 2521
3348 3347
396 395
3037 3036
2505 2504
2883 2882
1345 1344
4306 4305
4210 4209
3633 3632
2072 2071
2564 2563
2719 2718
3977 3976
237 236
2263 2262
2181 2180
707 706
2612 2611
712 711
3403 3402
232 231
3480 3479
2796 2795
1270 1269
2208 2207
4790 4789
1410 1409
4930 4929
4461 4460
2344 2343
2480 2479
1541 1540
3844 3843
3435 3434
274 273
2969 2968
4521 4520
2762 2761
1857 1856
1944 1943
2810 2809
58 57
799 798
3245 3244
4905 4904
2941 2940
838 837
4895 4894
2842 2841
3059 3058
2486 2485
1426 1425
1116 1115
1391 1390
4021 4020
1882 1881
495 494
4205 4204
4739 4738
2095 2094
906 905
4026 4025
2192 2191
4631 4630
1041 1040
3547 3546
904 903
4388 4387
1392 1391
1578 1577
2655 2654
300 299
15 14
1232 1231
3966 3965
4587 4586
120 119
3812 3811
1514 1513
2193 2192
2935 2934
4470 4469
2949 2948
810 809
4563 4562
1601 1600
2549 2548
1161 1160
2713 2712
590 589
726 725
4444 4443
2933 2932
1927 1926
857 856
4855 4854
2323 2322
4758 4757
449 448
3684 3683
2843 2842
3760 3759
3204 3203
1545 1544
1055 1054
1084 1083
1829 1828
3340 3339
411 410
2393 2392
107 106
3105 3104
4632 4631
1527 1526
3462 3461
43 42
781 780
1754 1753
2615 2614
4172 4171
2482 2481
1433 1432
3899 3898
4237 4236
4839 4838
2604 2603
3714 3713
2687 2686
4619 4618
2934 2933
1862 1861
4822 4821
484 483
328 327
1793 1792
3830 3829
2170 2169
378 377
4724 4723
1615 1614
3366 3365
1744 1743
1731 1730
4867 4866
4182 4181
2954 2953
1404 1403
1168 1167
4851 4850
2339 2338
3698 3697
8 7
2588 2587
270 269
1315 1314
1062 1061
1870 1869
332 331
4764 4763
3138 3137
3925 3924
3584 3583
610 609
9 8
4828 4827
1363 1362
1416 1415
4558 4557
1476 1475
3565 3564
3905 3904
3290 3289
3019 3018
3525 3524
1253 1252
1626 1625
1269 1268
4321 4320
3283 3282
4100 4099
1115 1114
403 402
189 188
4183 4182
2308 2307
1217 1216
576 575
3655 3654
1864 1863
4876 4875
889 888
661 660
1081 1080
4514 4513
1313 1312
4909 4908
69 68
3078 3077
4267 4266
2806 2805
4216 4215
1678 1677
584 583
3800 3799
836 835
2963 2962
4044 4043
4355 4354
1655 1654
2555 2554
4177 4176
3232 3231
530 529
162 161
2335 2334
866 865
1543 1542
1627 1626
4213 4212
3529 3528
1900 1899
3543 3542
4584 4583
1692 1691
2227 2226
1819 1818
3352 3351
2342 2341
2582 2581
2368 2367
3099 3098
4005 4004
3003 3002
2909 2908
3103 3102
3586 3585
1051 1050
3804 3803
3678 3677
1827 1826
2264 2263
718 717
4376 4375
1800 1799
1994 1993
254 253
1725 1724
238 237
2388 2387
3436 3435
3735 3734
3102 3101
4106 4105
2176 2175
2073 2072
1346 1345
450 449
3699 3698
3373 3372
3891 3890
3805 3804
787 786
4407 4406
4319 4318
763 762
1674 1673
1584 1583
4994 4993
1372 1371
4815 4814
3008 3007
3188 3187
768 767
744 743
2831 2830
296 295
4146 4145
2469 2468
851 850
2998 2997
3139 3138
2214 2213
3325 3324
41 40
1352 1351
2972 2971
2964 2963
2 1
2347 2346
2468 2467
4280 4279
3709 3708
4546 4545
2471 2470
4047 4046
1430 1429
1439 1438
4437 4436
3174 3173
2822 2821
3346 3345
4977 4976
3255 3254
341 340
461 460
412 411
591 590
2659 2658
4152 4151
4422 4421
2216 2215
60 59
4814 4813
3744 3743
629 628
4923 4922
1555 1554
3878 3877
4057 4056
1068 1067
4291 4290
2977 2976
4345 4344
1095 1094
3621 3620
2725 2724
4262 4261
289 288
968 967
1649 1648
2709 2708
1351 1350
203 202
3410 3409
1507 1506
4813 4812
3947 3946
2236 2235
2050 2049
4831 4830
3504 3503
3314 3313
4880 4879
4473 4472
958 957
2650 2649
4670 4669
1888 1887
2966 2965
3585 3584
433 432
1047 1046
1508 1507
463 462
7 6
1564 1563
3097 3096
3768 3767
1173 1172
3088 3087
4511 4510
2194 2193
1012 1011
2688 2687
2864 2863
1727 1726
2644 2643
3186 3185
3532 3531
3235 3234
4238 4237
234 233
1298 1297
4791 4790
1262 1261
2624 2623
383 382
294 293
3090 3089
3629 3628
1374 1373
4145 4144
2440 2439
2852 2851
4292 4291
2233 2232
2698 2697
4038 4037
1820 1819
1636 1635
3113 3112
701 700
4687 4686
2118 2117
2222 2221
2163 2162
920 919
2690 2689
2081 2080
3306 3305
739 738
1830 1829
4320 4319
1354 1353
1933 1932
1226 1225
1849 1848
1190 1189
2286 2285
2734 2733
4322 4321
3454 3453
634 633
1244 1243
673 672
3399 3398
4532 4531
2996 2995
4971 4970
1309 1308
263 262
1675 1674
2251 2250
3278 3277
892 891
1536 1535
2984 2983
1077 1076
1489 1488
2377 2376
4150 4149
2477 2476
4621 4620
2325 2324
4645 4644
3702 3701
2617 2616
1885 1884
3343 3342
4610 4609
1960 1959
1029 1028
4607 4606
3472 3471
196 195
1992 1991
3331 3330
1932 1931
4274 4273
174 173
2467 2466
2600 2599
574 573
2507 2506
3746 3745
2451 2450
4892 4891
786 785
2369 2368
310 309
2715 2714
1449 1448
2131 2130
4705 4704
4842 4841
4385 4384
2133 2132
2885 2884
1606 1605
121 120
843 842
563 562
4302 4301
3876 3875
3005 3004
3522 3521
4857 4856
3238 3237
3560 3559
3696 3695
1284 1283
3029 3028
1138 1137
4239 4238
1027 1026
3799 3798
2144 2143
207 206
899 898
1465 1464
1506 1505
4 3
2648 2647
2868 2867
4708 4707
1748 1747
1212 1211
295 294
280 279
2398 2397
2772 2771
2948 2947
2938 2937
2160 2159
3656 3655
4372 4371
4442 4441
4719 4718
3441 3440
23 22
166 165
3264 3263
570 569
3748 3747
4967 4966
4709 4708
3573 3572
4970 4969
2217 2216
167 166
4606 4605
2788 2787
3783 3782
1898 1897
1088 1087
760 759
4613 4612
932 931
4000 3999
3599 3598
2603 2602
480 479
45 44
3333 3332
3315 3314
4976 4975
3881 3880
3039 3038
4628 4627
4854 4853
5 4
644 643
1573 1572
476 475
282 281
2499 2498
876 875
99 98
2618 2617
1737 1736
4431 4430
901 900
257 256
4367 4366
2819 2818
3842 3841
1197 1196
3738 3737
65 64
2599 2598
4479 4478
4682 4681
2962 2961
3329 3328
1640 1639
796 795
1417 1416
3952 3951
2470 2469
4033 4032
806 805
846 845
4888 4887
4207 4206
532 531
4254 4253
663 662
4753 4752
1562 1561
3317 3316
778 777
4001 4000
2990 2989
2349 2348
2418 2417
2241 2240
1817 1816
3293 3292
4251 4250
722 721
685 684
4651 4650
3790 3789
1034 1033
2310 2309
3394 3393
824 823
3151 3150
2727 2726
647 646
390 389
4729 4728
3497 3496
4403 4402
598 597
1614 1613
2489 2488
3365 3364
3563 3562
3081 3080
3810 3809
1903 1902
2074 2073
4915 4914
159 158
1076 1075
2906 2905
4430 4429
128 127
1252 1251
1567 1566
2273 2272
98 97
242 241
1243 1242
2778 2777
2633 2632
1969 1968
4351 4350
2866 2865
3907 3906
669 668
175 174
4495 4494
2513 2512
2780 2779
3327 3326
1452 1451
1056 1055
3079 3078
4375 4374
4173 4172
2432 2431
964 963
2517 2516
4806 4805
2774 2773
3440 3439
4413 4412
3051 3050
2258 2257
2108 2107
3224 3223
157 156
4850 4849
1949 1948
62 61
550 549
4286 4285
3903 3902
4208 4207
4824 4823
2908 2907
3176 3175
423 422
1090 1089
1184 1183
2645 2644
884 883
1224 1223
4620 4619
217 216
2739 2738
4167 4166
3361 3360
3576 3575
21 20
3533 3532
3527 3526
3712 3711
4663 4662
1837 1836
1958 1957
686 685
507 506
187 186
3634 3633
2173 2172
4863 4862
273 272
4030 4029
2435 2434
2918 2917
2893 2892
1357 1356
1928 1927
1006 1005
1105 1104
2951 2950
2352 2351
2755 2754
4856 4855
4201 4200
4187 4186
2464 2463
3882 3881
535 534
1792 1791
2703 2702
465 464
1407 1406
1125 1124
3521 3520
1501 1500
42 41
2417 2416
1459 1458
2318 2317
1712 1711
3789 3788
3096 3095
2240 2239
1825 1824
326 325
2012 2011
3230 3229
2088 2087
4256 4255
2364 2363
1643 1642
788 787
4745 4744
4446 4445
990 989
4518 4517
548 547
519 518
3150 3149
819 818
2445 2444
246 245
2887 2886
3316 3315
3119 3118
3172 3171
4393 4392
3511 3510
1526 1525
3591 3590
2927 2926
804 803
3356 3355
1995 1994
1211 1210
3665 3664
1044 1043
952 951
4603 4602
3796 3795
3488 3487
3989 3988
2231 2230
4225 4224
680 679
2105 2104
2771 2770
4063 4062
547 546
1106 1105
1560 1559
1021 1020
1802 1801
944 943
2029 2028
2506 2505
3304 3303
2718 2717
2282 2281
1657 1656
1060 1059
3897 3896
1743 1742
1790 1789
4696 4695
291 290
2075 2074
1466 1465
2765 2764
4602 4601
3106 3105
2590 2589
3447 3446
1376 1375
731 730
4525 4524
4215 4214
419 418
1978 1977
2854 2853
4738 4737
2097 2096
1473 1472
573 572
693 692
709 708
3498 3497
3477 3476
736 735
165 164
4117 4116
2007 2006
91 90
4398 4397
3502 3501
1032 1031
2717 2716
2037 2036
1200 1199
873 872
1219 1218
2528 2527
1823 1822
106 105
4774 4773
4869 4868
4600 4599
963 962
1256 1255
2848 2847
3149 3148
1011 1010
4921 4920
1490 1489
1045 1044
4580 4579
335 334
2343 2342
4541 4540
3839 3838
2947 2946
2115 2114
1293 1292
1356 1355
4127 4126
418 417
2001 2000
816 815
4947 4946
333 332
3310 3309
2090 2089
3827 3826
2910 2909
4528 4527
2862 2861
2515 2514
2597 2596
1175 1174
4827 4826
1764 1763
2668 2667
4184 4183
3191 3190
4997 4996
2957 2956
886 885
1207 1206
4845 4844
321 320
4299 4298
2873 2872
740 739
4289 4288
3047 3046
1238 1237
3739 3738
1516 1515
3950 3949
4938 4937
2561 2560
616 615
4227 4226
2164 2163
278 277
2681 2680
4716 4715
436 435
4725 4724
2256 2255
3268 3267
1213 1212
4865 4864
3623 3622
3279 3278
3837 3836
3007 3006
2569 2568
2407 2406
1604 1603
3501 3500
755 754
4279 4278
677 676
77 76
3668 3667
4916 4915
2926 2925
1999 1998
2897 2896
2494 2493
325 324
1848 1847
2967 2966
1289 1288
2023 2022
1483 1482
2704 2703
3004 3003
4410 4409
4081 4080
2306 2305
2354 2353
1981 1980
1616 1615
4625 4624
4808 4807
2802 2801
1771 1770
2006 2005
3686 3685
1556 1555
2123 2122
2151 2150
115 114
1592 1591
4036 4035
2404 2403
1279 1278
249 248
2279 2278
2587 2586
1389 1388
1148 1147
1386 1385
6 5
2211 2210
2608 2607
2430 2429
2419 2418
2276 2275
936 935
3674 3673
4245 4244
2455 2454
2903 2902
1884 1883
3619 3618
860 859
4985 4984
1065 1064
2609 2608
4136 4135
3795 3794
4969 4968
954 953
3663 3662
723 722
1975 1974
304 303
828 827
4616 4615
3465 3464
3035 3034
28 27
3240 3239
3939 3938
1914 1913
4671 4670
1918 1917
3880 3879
2033 2032
3557 3556
4898 4897
442 441
4700 4699
1033 1032
2545 2544
3487 3486
662 661
2735 2734
3823 3822
3426 3425
3216 3215
501 500
2745 2744
4582 4581
1858 1857
3781 3780
1866 1865
4220 4219
2896 2895
4871 4870
2220 2219
3393 3392
1069 1068
2367 2366
3826 3825
3610 3609
4820 4819
3509 3508
2161 2160
3156 3155
1035 1034
2551 2550
2215 2214
4961 4960
3076 3075
4650 4649
2049 2048
1791 1790
3850 3849
2911 2910
1919 1918
30 29
3999 3998
499 498
1251 1250
3499 3498
3401 3400
2770 2769
1581 1580
2038 2037
725 724
14 13
1263 1262
2203 2202
2828 2827
2751 2750
4720 4719
2902 2901
911 910
2705 2704
1959 1958
1799 1798
3545 3544
3387 3386
2261 2260
1542 1541
537 536
3239 3238
1064 1063
4736 4735
3530 3529
969 968
3955 3954
2720 2719
2711 2710
2691 2690
1773 1772
4701 4700
2062 2061
3330 3329
1234 1233
3749 3748
538 537
4624 4623
431 430
4689 4688
692 691
2983 2982
854 853
1220 1219
4760 4759
471 470
429 428
1131 1130
880 879
741 740
769 768
1528 1527
302 301
51 50
3234 3233
2137 2136
105 104
605 604
4924 4923
2666 2665
4202 4201
152 151
1559 1558
1018 1017
908 907
1639 1638
811 810
1111 1110
733 732
1822 1821
855 854
3931 3930
382 381
1535 1534
3095 3094
4544 4543
1049 1048
1300 1299
1749 1748
4697 4696
1641 1640
4659 4658
1877 1876
2992 2991
4849 4848
2155 2154
4357 4356
1237 1236
2685 2684
467 466
3277 3276
4064 4063
3342 3341
1704 1703
3871 3870
3378 3377
3743 3742
84 83
3635 3634
4276 4275
1311 1310
4003 4002
265 264
791 790
1551 1550
2145 2144
4569 4568
1693 1692
4737 4736
1493 1492
1618 1617
4023 4022
3588 3587
4773 4772
1380 1379
3405 3404
4199 4198
4868 4867
4913 4912
3001 3000
4200 4199
2322 2321
2917 2916
2496 2495
3416 3415
699 698
2449 2448
1971 1970
219 218
1955 1954
59 58
306 305
3860 3859
1268 1267
2779 2778
2925 2924
3794 3793
2252 2251
4364 4363
1677 1676
3233 3232
3467 3466
1176 1175
4907 4906
2665 2664
4305 4304
3924 3923
835 834
2846 2845
4347 4346
2877 2876
3453 3452
2487 2486
104 103
1456 1455
4833 4832
1494 1493
3180 3179
1188 1187
690 689
4477 4476
1098 1097
4611 4610
2331 2330
1421 1420
3017 3016
3942 3941
2159 2158
4491 4490
2814 2813
4728 4727
3438 3437
807 806
4242 4241
4244 4243
96 95
3050 3049
4680 4679
1169 1168
2414 2413
1745 1744
1860 1859
3550 3549
397 396
2303 2302
1444 1443
4102 4101
4953 4952
2365 2364
729 728
1533 1532
611 610
101 100
1451 1450
2826 2825
369 368
1112 1111
4674 4673
3058 3057
1320 1319
3515 3514
4585 4584
3934 3933
1821 1820
3430 3429
3618 3617
1498 1497
2997 2996
2978 2977
557 556
2300 2299
1448 1447
2550 2549
2359 2358
696 695
2702 2701
2321 2320
2538 2537
4643 4642
1347 1346
55 54
1711 1710
230 229
2541 2540
4848 4847
3909 3908
2813 2812
3490 3489
3816 3815
3252 3251
3967 3966
3639 3638
1579 1578
976 975
2999 2998
1071 1070
1504 1503
314 313
1728 1727
1326 1325
564 563
118 117
299 298
1730 1729
1582 1581
365 364
1889 1888
3052 3051
3917 3916
3072 3071
1075 1074
928 927
1495 1494
2530 2529
1589 1588
4707 4706
2525 2524
3000 2999
1768 1767
4420 4419
4767 4766
3936 3935
3075 3074
4832 4831
2351 2350
4937 4936
3995 3994
2141 2140
4074 4073
2571 2570
1338 1337
385 384
248 247
3215 3214
3326 3325
1690 1689
2915 2914
3363 3362
4094 4093
504 503
2077 2076
1840 1839
4637 4636
912 911
1752 1751
3303 3302
3181 3180
1400 1399
1093 1092
4469 4468
4194 4193
3127 3126
1779 1778
4652 4651
2056 2055
1024 1023
3715 3714
2188 2187
4396 4395
4191 4190
362 361
80 79
667 666
625 624
331 330
2809 2808
4283 4282
4586 4585
2391 2390
3484 3483
2627 2626
3773 3772
4217 4216
3148 3147
4765 4764
2880 2879
3883 3882
1867 1866
139 138
1622 1621
4339 4338
2981 2980
3189 3188
4116 4115
3740 3739
3466 3465
4557 4556
3603 3602
2474 2473
2922 2921
4887 4886
1852 1851
2476 2475
3962 3961
1292 1291
626 625
569 568
4130 4129
3431 3430
1336 1335
1113 1112
1424 1423
2860 2859
93 92
655 654
4864 4863
516 515
1120 1119
4415 4414
1208 1207
3701 3700
437 436
4699 4698
2672 2671
4287 4286
1341 1340
1353 1352
2348 2347
1022 1021
4769 4768
3961 3960
4464 4463
2271 2270
3057 3056
339 338
1450 1449
4732 4731
460 459
2246 2245
487 486
717 716
3834 3833
1135 1134
352 351
956 955
317 316
4914 4913
2174 2173
3068 3067
1000 999
4497 4496
2171 2170
2356 2355
269 268
2912 2911
841 840
398 397
4987 4986
3728 3727
430 429
402 401
316 315
4927 4926
4072 4071
2447 2446
1654 1653
1316 1315
4957 4956
202 201
1109 1108
2134 2133
1702 1701
1617 1616
2085 2084
3031 3030
1182 1181
4073 4072
4039 4038
4447 4446
4104 4103
3648 3647
3673 3672
1089 1088
1458 1457
1014 1013
4369 4368
4974 4973
3419 3418
1144 1143
421 420
143 142
4093 4092
2333 2332
2601 2600
3911 3910
3136 3135
4285 4284
3526 3525
4965 4964
2840 2839
2683 2682
3920 3919
1670 1669
3196 3195
1423 1422
2514 2513
1241 1240
885 884
3207 3206
4778 4777
746 745
1765 1764
458 457
4086 4085
3649 3648
674 673
2114 2113
3809 3808
691 690
4565 4564
3288 3287
2722 2721
2646 2645
905 904
4236 4235
4834 4833
2358 2357
2936 2935
4533 4532
1333 1332
1358 1357
1436 1435
4506 4505
3276 3275
1623 1622
1946 1945
3248 3247
3803 3802
3765 3764
4456 4455
2039 2038
2547 2546
587 586
4248 4247
4350 4349
1042 1041
1925 1924
3175 3174
2519 2518
36 35
2502 2501
3604 3603
1387 1386
1202 1201
4809 4808
738 737
1897 1896
4772 4771
1082 1081
4119 4118
1762 1761
82 81
4125 4124
3643 3642
3218 3217
2146 2145
2825 2824
2671 2670
3596 3595
2982 2981
902 901
3066 3065
2032 2031
1952 1951
541 540
4881 4880
1235 1234
1713 1712
2830 2829
3044 3043
4630 4629
4917 4916
1429 1428
1061 1060
1554 1553
3847 3846
1186 1185
2724 2723
1370 1369
3575 3574
1795 1794
27 26
2838 2837
1158 1157
1023 1022
3818 3817
2684 2683
986 985
1281 1280
2531 2530
3033 3032
147 146
4474 4473
4272 4271
4090 4089
4837 4836
4823 4822
893 892
1286 1285
4091 4090
1481 1480
113 112
3958 3957
3691 3690
1603 1602
3025 3024
960 959
3786 3785
407 406
4747 4746
1878 1877
3287 3286
164 163
1142 1141
1321 1320
454 453
4748 4747
4830 4829
2610 2609
910 909
4443 4442
4852 4851
1282 1281
1261 1260
2478 2477
3489 3488
3404 3403
2448 2447
702 701
2512 2511
695 694
3158 3157
3694 3693
4297 4296
1676 1675
615 614
1957 1956
110 109
2559 2558
3201 3200
3448 3447
1475 1474
1646 1645
1726 1725
3991 3990
3024 3023
1724 1723
2621 2620
4050 4049
4024 4023
4230 4229
2076 2075
3937 3936
4185 4184
2961 2960
3125 3124
1529 1528
3225 3224
3975 3974
1401 1400
3902 3901
4037 4036
1096 1095
1245 1244
2336 2335
4068 4067
2089 2088
1547 1546
2500 2499
2616 2615
3598 3597
3023 3022
833 832
3764 3763
2849 2848
2152 2151
896 895
772 771
1467 1466
4204 4203
1761 1760
1892 1891
32 31
3411 3410
428 427
236 235
3130 3129
3434 3433
3126 3125
1432 1431
826 825
1486 1485
3229 3228
3716 3715
1388 1387
1511 1510
2568 2567
1058 1057
3042 3041
33 32
1162 1161
3009 3008
1025 1024
3838 3837
3594 3593
635 634
1299 1298
2789 2788
1818 1817
2586 2585
1411 1410
1394 1393
145 144
4717 4716
4918 4917
3731 3730
3776 3775
607 606
2907 2906
1667 1666
319 318
2228 2227
4330 4329
3697 3696
3666 3665
578 577
3607 3606
1143 1142
3244 3243
1398 1397
3228 3227
359 358
2952 2951
4660 4659
1686 1685
201 200
446 445
2614 2613
4368 4367
1470 1469
1485 1484
4423 4422
497 496
2542 2541
1638 1637
3062 3061
3660 3659
1240 1239
4899 4898
2716 2715
3140 3139
3226 3225
4487 4486
1445 1444
4416 4415
4054 4053
3183 3182
1193 1192
2560 2559
4604 4603
1070 1069
1189 1188
2184 2183
2409 2408
1775 1774
4027 4026
2649 2648
3534 3533
2876 2875
4779 4778
4307 4306
4463 4462
935 934
1939 1938
849 848
2394 2393
2942 2941
627 626
4512 4511
536 535
1850 1849
3620 3619
2628 2627
1178 1177
3855 3854
4053 4052
3531 3530
2156 2155
2059 2058
1763 1762
3067 3066
4940 4939
3423 3422
4080 4079
3574 3573
847 846
2495 2494
1231 1230
3677 3676
29 28
4371 4370
2249 2248
805 804
4475 4474
3334 3333
4247 4246
4132 4131
4131 4130
22 21
11 10
1621 1620
2652 2651
2987 2986
850 849
1970 1969
1515 1514
1319 1318
444 443
1304 1303
1894 1893
4998 4997
544 543
3108 3107
4394 4393
4070 4069
3371 3370
258 257
2387 2386
354 353
4817 4816
4467 4466
2330 2329
2753 2752
1893 1892
2554 2553
4979 4978
4098 4097
3951 3950
3928 3927
2488 2487
4034 4033
1696 1695
1942 1941
813 812
3956 3955
1814 1813
462 461
3846 3845
4669 4668
1746 1745
4198 4197
3286 3285
4935 4934
2153 2152
1434 1433
1990 1989
4894 4893
4596 4595
4193 4192
996 995
4517 4516
3104 3103
140 139
4672 4671
1384 1383
3706 3705
466 465
4451 4450
1248 1247
4559 4558
2886 2885
1574 1573
1982 1981
2399 2398
3572 3571
2752 2751
518 517
268 267
3160 3159
566 565
2602 2601
2729 2728
957 956
37 36
3865 3864
3775 3774
4500 4499
965 964
4028 4027
678 677
2453 2452
789 788
3449 3448
2154 2153
2267 2266
3506 3505
3808 3807
1835 1834
704 703
528 527
1733 1732
198 197
4160 4159
3910 3909
4056 4055
3968 3967
3544 3543
2442 2441
3624 3623
209 208
56 55
2593 2592
176 175
4363 4362
4180 4179
3859 3858
184 183
865 864
483 482
2730 2729
3539 3538
1118 1117
1464 1463
481 480
3388 3387
4382 4381
4019 4018
4304 4303
4381 4380
3836 3835
2537 2536
2011 2010
784 783
4426 4425
1854 1853
1714 1713
2680 2679
61 60
783 782
3581 3580
2721 2720
1672 1671
924 923
3755 3754
3672 3671
1512 1511
2485 2484
1637 1636
1600 1599
825 824
1719 1718
2786 2785
4519 4518
1063 1062
2070 2069
4981 4980
565 564
2272 2271
2787 2786
4313 4312
815 814
4221 4220
1836 1835
3854 3853
425 424
3750 3749
3965 3964
2971 2970
2357 2356
554 553
4601 4600
2732 2731
4404 4403
1478 1477
4593 4592
1996 1995
149 148
4332 4331
508 507
2662 2661
3420 3419
4481 4480
301 300
3868 3867
2305 2304
552 551
2117 2116
322 321
3628 3627
1046 1045
1191 1190
2584 2583
4325 4324
3985 3984
3390 3389
2479 2478
1941 1940
1684 1683
2167 2166
4315 4314
4759 4758
4829 4828
915 914
1644 1643
213 212
2921 2920
496 495
4471 4470
3171 3170
1368 1367
66 65
3787 3786
2804 2803
2313 2312
3888 3887
1796 1795
1010 1009
526 525
2736 2735
1619 1618
200 199
721 720
292 291
4061 4060
3085 3084
401 400
4681 4680
654 653
2036 2035
2443 2442
4335 4334
1585 1584
2350 2349
456 455
4749 4748
146 145
2629 2628
1155 1154
4480 4479
2103 2102
2315 2314
1460 1459
2013 2012
1477 1476
4524 4523
4963 4962
2657 2656
4684 4683
2763 2762
4424 4423
681 680
4801 4800
657 656
4703 4702
3553 3552
3182 3181
776 775
3006 3005
1145 1144
2955 2954
250 249
4555 4554
395 394
1648 1647
1832 1831
3294 3293
3792 3791
1037 1036
771 770
971 970
1633 1632
2317 2316
3034 3033
1998 1997
2266 2265
3960 3959
2429 2428
1794 1793
3945 3944
3520 3519
1815 1814
3638 3637
3131 3130
89 88
3954 3953
4534 4533
1598 1597
2700 2699
2640 2639
1847 1846
3736 3735
4379 4378
979 978
4143 4142
2850 2849
272 271
3737 3736
509 508
4702 4701
183 182
4169 4168
2375 2374
338 337
2179 2178
2044 2043
4583 4582
70 69
2422 2421
2940 2939
4784 4783
4043 4042
3870 3869
2285 2284
1276 1275
3719 3718
413 412
