9999
6739 6738
946 945
739 738
6291 6290
3343 3342
4882 4881
9221 9220
5882 5881
1761 1760
9288 9287
2601 2600
2269 2268
6282 6281
8646 8645
9342 9341
3775 3774
2621 2620
7450 7449
8497 8496
6018 6017
1756 1755
1403 1402
5331 5330
1401 1400
3009 3008
9358 9357
5269 5268
1754 1753
7188 7187
338 337
205 204
773 772
1367 1366
1850 1849
3515 3514
7481 7480
9316 9315
2443 2442
9245 9244
6027 6026
7815 7814
5048 5047
9909 9908
7997 7996
3632 3631
4700 4699
6015 6014
2003 2002
9010 9009
7467 7466
5309 5308
1845 1844
9989 9988
2142 2141
2055 2054
8406 8405
1155 1154
278 277
943 942
2907 2906
5169 5168
3230 3229
1866 1865
7300 7299
2019 2018
7539 7538
2643 2642
7160 7159
1657 1656
6432 6431
2418 2417
454 453
3602 3601
1360 1359
8536 8535
7150 7149
2288 2287
4273 4272
1497 1496
1853 1852
2289 2288
3504 3503
3861 3860
698 697
7345 7344
7607 7606
7192 7191
5430 5429
9247 9246
3306 3305
4161 4160
9265 9264
3850 3849
9136 9135
7770 7769
2049 2048
2324 2323
184 183
7937 7936
4824 4823
4515 4514
3777 3776
7255 7254
3409 3408
4000 3999
3796 3795
6412 6411
6271 6270
5848 5847
7956 7955
3654 3653
3346 3345
8405 8404
2697 2696
8849 8848
9534 9533
5326 5325
2914 2913
9319 9318
75 74
1383 1382
4035 4034
1690 1689
873 872
6206 6205
7645 7644
5712 5711
1745 1744
1821 1820
7060 7059
728 727
2008 2007
6304 6303
9816 9815
2522 2521
1710 1709
9548 9547
1232 1231
9752 9751
9187 9186
6482 6481
571 570
8202 8201
2320 2319
8864 8863
3920 3919
9530 9529
837 836
3706 3705
287 286
9501 9500
4574 4573
6038 6037
7691 7690
4813 4812
5976 5975
3114 3113
5578 5577
7473 7472
1859 1858
2017 2016
3893 3892
4473 4472
261 260
8848 8847
8755 8754
4775 4774
2556 2555
6713 6712
6375 6374
1733 1732
2233 2232
1215 1214
2227 2226
3380 3379
989 988
65 64
1904 1903
1747 1746
9848 9847
6844 6843
5696 5695
8007 8006
1689 1688
4281 4280
6886 6885
6233 6232
3884 3883
2645 2644
2119 2118
7900 7899
1909 1908
8127 8126
1429 1428
3246 3245
9432 9431
1088 1087
8332 8331
7486 7485
4609 4608
395 394
4347 4346
6444 6443
1359 1358
6091 6090
7968 7967
7604 7603
9885 9884
6388 6387
5167 5166
6216 6215
5577 5576
8738 8737
9111 9110
2050 2049
2570 2569
6124 6123
2734 2733
6377 6376
7919 7918
1847 1846
6811 6810
2138 2137
305 304
6817 6816
6912 6911
2659 2658
7538 7537
5648 5647
9475 9474
5810 5809
2977 2976
103 102
8382 8381
7472 7471
2516 2515
5441 5440
2793 2792
2972 2971
8317 8316
2372 2371
3570 3569
3877 3876
8180 8179
4588 4587
8605 8604
1990 1989
1502 1501
6056 6055
8820 8819
9734 9733
3921 3920
6501 6500
8699 8698
8577 8576
2746 2745
9559 9558
6267 6266
5990 5989
2479 2478
7661 7660
9946 9945
6175 6174
4802 4801
1273 1272
3039 3038
1358 1357
1855 1854
3945 3944
5401 5400
8710 8709
8854 8853
5475 5474
587 586
4912 4911
8705 8704
9109 9108
3851 3850
906 905
9711 9710
9536 9535
1572 1571
7512 7511
6947 6946
8408 8407
3004 3003
8494 8493
724 723
4817 4816
6998 6997
51 50
9112 9111
7529 7528
8502 8501
3750 3749
9730 9729
2020 2019
4816 4815
5734 5733
752 751
7418 7417
3833 3832
8265 8264
8124 8123
1474 1473
8994 8993
504 503
4812 4811
7217 7216
8851 8850
8781 8780
8301 8300
5548 5547
3748 3747
5732 5731
6816 6815
4437 4436
9953 9952
3445 3444
7263 7262
2722 2721
4644 4643
3178 3177
5156 5155
2415 2414
2373 2372
2201 2200
3372 3371
7046 7045
2207 2206
4627 4626
6222 6221
759 758
6202 6201
6128 6127
319 318
1650 1649
3476 3475
166 165
1028 1027
9122 9121
5197 5196
8387 8386
2624 2623
7447 7446
255 254
7987 7986
9404 9403
6496 6495
4298 4297
6378 6377
2521 2520
2276 2275
8545 8544
6926 6925
5321 5320
8447 8446
9653 9652
6407 6406
6874 6873
2948 2947
5429 5428
9606 9605
9846 9845
3770 3769
1919 1918
5666 5665
4489 4488
212 211
443 442
2633 2632
3670 3669
1991 1990
3366 3365
4924 4923
910 909
4597 4596
3081 3080
2796 2795
5965 5964
1469 1468
7425 7424
5113 5112
2729 2728
8732 8731
5747 5746
9866 9865
3141 3140
7540 7539
1019 1018
4244 4243
4664 4663
4084 4083
1808 1807
7049 7048
7446 7445
323 322
1612 1611
5047 5046
8253 8252
3896 3895
7483 7482
9212 9211
6793 6792
1108 1107
80 79
266 265
4941 4940
233 232
1043 1042
1576 1575
972 971
4020 4019
1364 1363
5694 5693
3192 3191
1796 1795
7022 7021
6344 6343
1515 1514
2465 2464
4407 4406
7351 7350
3472 3471
4151 4150
4838 4837
7729 7728
4972 4971
1537 1536
3699 3698
77 76
2868 2867
6833 6832
5522 5521
5781 5780
6554 6553
3444 3443
11 10
533 532
1441 1440
3762 3761
5817 5816
6475 6474
9173 9172
2917 2916
1423 1422
5519 5518
6771 6770
2076 2075
9119 9118
274 273
574 573
7891 7890
5870 5869
2715 2714
6084 6083
7548 7547
9770 9769
1864 1863
5756 5755
1709 1708
6869 6868
6914 6913
2455 2454
3663 3662
5255 5254
9775 9774
4544 4543
5236 5235
4968 4967
4460 4459
5467 5466
4526 4525
6008 6007
2141 2140
4846 4845
2471 2470
7870 7869
1279 1278
1177 1176
5027 5026
4760 4759
1793 1792
7819 7818
6420 6419
158 157
6687 6686
6814 6813
5140 5139
8061 8060
6903 6902
9962 9961
1585 1584
4571 4570
2778 2777
2011 2010
871 870
1309 1308
9282 9281
6383 6382
1149 1148
9090 9089
4581 4580
4352 4351
1981 1980
3268 3267
881 880
3386 3385
7877 7876
8553 8552
3201 3200
6047 6046
4449 4448
3305 3304
1649 1648
5843 5842
5912 5911
1405 1404
3073 3072
5266 5265
6881 6880
3801 3800
2575 2574
1882 1881
5158 5157
2990 2989
8051 8050
4903 4902
1456 1455
6543 6542
8293 8292
9506 9505
7313 7312
4060 4059
8908 8907
337 336
7356 7355
1698 1697
932 931
985 984
7799 7798
1184 1183
2523 2522
4563 4562
5476 5475
1795 1794
6323 6322
9396 9395
1048 1047
8060 8059
6573 6572
9203 9202
9196 9195
9094 9093
4656 4655
5207 5206
5789 5788
9425 9424
6171 6170
9248 9247
6036 6035
4923 4922
7310 7309
8978 8977
647 646
8093 8092
2398 2397
8892 8891
3745 3744
9992 9991
6087 6086
3157 3156
304 303
6694 6693
6309 6308
2535 2534
9834 9833
8620 8619
378 377
9302 9301
3217 3216
9107 9106
1217 1216
2280 2279
9206 9205
5561 5560
9052 9051
6133 6132
2974 2973
3498 3497
3437 3436
2285 2284
3591 3590
1883 1882
1828 1827
3566 3565
3802 3801
9746 9745
3451 3450
7024 7023
9165 9164
2597 2596
3503 3502
1943 1942
1644 1643
2111 2110
2904 2903
8956 8955
3829 3828
1434 1433
8634 8633
3813 3812
7609 7608
5474 5473
841 840
9678 9677
7358 7357
3089 3088
244 243
997 996
7331 7330
6488 6487
7451 7450
5879 5878
8550 8549
2517 2516
9364 9363
7578 7577
7273 7272
1645 1644
6105 6104
6207 6206
5655 5654
1494 1493
332 331
9865 9864
4613 4612
2239 2238
9379 9378
693 692
549 548
3628 3627
8477 8476
2032 2031
1618 1617
4188 4187
1799 1798
2155 2154
7076 7075
4907 4906
4835 4834
4986 4985
8988 8987
6161 6160
8323 8322
2932 2931
601 600
6870 6869
1349 1348
623 622
6422 6421
806 805
945 944
6318 6317
7067 7066
9759 9758
1031 1030
4138 4137
6979 6978
4850 4849
5431 5430
5812 5811
6545 6544
8184 8183
9577 9576
3624 3623
7733 7732
8312 8311
2005 2004
8109 8108
5625 5624
1152 1151
2069 2068
3991 3990
975 974
7321 7320
5772 5771
181 180
4001 4000
7239 7238
2675 2674
9294 9293
2857 2856
913 912
8748 8747
3540 3539
1021 1020
7222 7221
9929 9928
554 553
9437 9436
3165 3164
264 263
1259 1258
8231 8230
1554 1553
2538 2537
1473 1472
9859 9858
3749 3748
1302 1301
5805 5804
5002 5001
7940 7939
6999 6998
6075 6074
2829 2828
4408 4407
9447 9446
7163 7162
497 496
1376 1375
7208 7207
1251 1250
8425 8424
6234 6233
5385 5384
625 624
4080 4079
7794 7793
1819 1818
9878 9877
2255 2254
2527 2526
4243 4242
492 491
7917 7916
2926 2925
1126 1125
8390 8389
4256 4255
1412 1411
683 682
9739 9738
6507 6506
8224 8223
9141 9140
9764 9763
7537 7536
1427 1426
9760 9759
2236 2235
8548 8547
9272 9271
8290 8289
2193 2192
3109 3108
397 396
2459 2458
6939 6938
4971 4970
5387 5386
1027 1026
436 435
6384 6383
280 279
9346 9345
7365 7364
5313 5312
988 987
381 380
3378 3377
3173 3172
6150 6149
6266 6265
548 547
7402 7401
8077 8076
2611 2610
987 986
5595 5594
6599 6598
5111 5110
9018 9017
8998 8997
9292 9291
9237 9236
2348 2347
9763 9762
3574 3573
6485 6484
1212 1211
2847 2846
3900 3899
1477 1476
7763 7762
7525 7524
9359 9358
3791 3790
9291 9290
9688 9687
9601 9600
8875 8874
3725 3724
8661 8660
6899 6898
2674 2673
2061 2060
4645 4644
7690 7689
8932 8931
3809 3808
7582 7581
7490 7489
8110 8109
5553 5552
810 809
5885 5884
8011 8010
3339 3338
6342 6341
3025 3024
2539 2538
8459 8458
7070 7069
4853 4852
4576 4575
1638 1637
2210 2209
4008 4007
8318 8317
1136 1135
9916 9915
3030 3029
9652 9651
690 689
9991 9990
2442 2441
3116 3115
7546 7545
7820 7819
1204 1203
1160 1159
8501 8500
7420 7419
6620 6619
7741 7740
4354 4353
6033 6032
7579 7578
6463 6462
9998 9997
1636 1635
1370 1369
3425 3424
4914 4913
6542 6541
9124 9123
3142 3141
5512 5511
6293 6292
7840 7839
3066 3065
2420 2419
1238 1237
6290 6289
6873 6872
8770 8769
8937 8936
4360 4359
5127 5126
5565 5564
410 409
7810 7809
9495 9494
4378 4377
5032 5031
5527 5526
8544 8543
9519 9518
7837 7836
4345 4344
6636 6635
5819 5818
6058 6057
5587 5586
1500 1499
1561 1560
6825 6824
1775 1774
2799 2798
1143 1142
9552 9551
7739 7738
6798 6797
3411 3410
281 280
8446 8445
8872 8871
3384 3383
8974 8973
541 540
4492 4491
3304 3303
3525 3524
4387 4386
5360 5359
5198 5197
2173 2172
8047 8046
7501 7500
2469 2468
1446 1445
9433 9432
9644 9643
4025 4024
3282 3281
6701 6700
914 913
5232 5231
8354 8353
9674 9673
1083 1082
3276 3275
2458 2457
1219 1218
5785 5784
1442 1441
6662 6661
8471 8470
5569 5568
4286 4285
4304 4303
1163 1162
2593 2592
9683 9682
903 902
1787 1786
6363 6362
2313 2312
664 663
4043 4042
7283 7282
9556 9555
7268 7267
5887 5886
2357 2356
6640 6639
3342 3341
8645 8644
9344 9343
6978 6977
2689 2688
5230 5229
4081 4080
6210 6209
7563 7562
3668 3667
1258 1257
9670 9669
6072 6071
8619 8618
5628 5627
6680 6679
9182 9181
1622 1621
3311 3310
7292 7291
384 383
1462 1461
9087 9086
8919 8918
7233 7232
6107 6106
6708 6707
1741 1740
5267 5266
6945 6944
5710 5709
7697 7696
2526 2525
2967 2966
9142 9141
1615 1614
6109 6108
2388 2387
7952 7951
1241 1240
7362 7361
342 341
6675 6674
7847 7846
5716 5715
8602 8601
1463 1462
896 895
334 333
6950 6949
9774 9773
215 214
3826 3825
778 777
6607 6606
7725 7724
982 981
9950 9949
2898 2897
8465 8464
5733 5732
4371 4370
612 611
2117 2116
1234 1233
49 48
2417 2416
8031 8030
543 542
1203 1202
9820 9819
4894 4893
6759 6758
1579 1578
1892 1891
4610 4609
4500 4499
4762 4761
2944 2943
293 292
8883 8882
8680 8679
5416 5415
2648 2647
8366 8365
5252 5251
7809 7808
7152 7151
2456 2455
9369 9368
7092 7091
7309 7308
3888 3887
1369 1368
555 554
4322 4321
1844 1843
1715 1714
2167 2166
9608 9607
5072 5071
4389 4388
1327 1326
9351 9350
7734 7733
6029 6028
2261 2260
5159 5158
4168 4167
1534 1533
8 7
8663 8662
9126 9125
8053 8052
6565 6564
3527 3526
4132 4131
5881 5880
8901 8900
5286 5285
8131 8130
7999 7998
7886 7885
6196 6195
9118 9117
5208 5207
3168 3167
8946 8945
1573 1572
933 932
2702 2701
6930 6929
6671 6670
9758 9757
9335 9334
343 342
8957 8956
4630 4629
7405 7404
7431 7430
3708 3707
6031 6030
2464 2463
1734 1733
5133 5132
4676 4675
5323 5322
1371 1370
402 401
3415 3414
4997 4996
1045 1044
1308 1307
5381 5380
9842 9841
9231 9230
8952 8951
6644 6643
2331 2330
6659 6658
8315 8314
7769 7768
2435 2434
9691 9690
1122 1121
135 134
2428 2427
3548 3547
7703 7702
2719 2718
1385 1384
6098 6097
8345 8344
6364 6363
4041 4040
1443 1442
3008 3007
4650 4649
1243 1242
1877 1876
353 352
2297 2296
7094 7093
5679 5678
9256 9255
3108 3107
3207 3206
2703 2702
9095 9094
2845 2844
5956 5955
4617 4616
8454 8453
9781 9780
2971 2970
5847 5846
9229 9228
3236 3235
1684 1683
493 492
6901 6900
5117 5116
4287 4286
8096 8095
225 224
7203 7202
7879 7878
5999 5998
5442 5441
2970 2969
461 460
5917 5916
1288 1287
4525 4524
6820 6819
8911 8910
1172 1171
2966 2965
4502 4501
3418 3417
5978 5977
8675 8674
5425 5424
3186 3185
4827 4826
8160 8159
6487 6486
9009 9008
3790 3789
2594 2593
6801 6800
6724 6723
3520 3519
6567 6566
3228 3227
5681 5680
5407 5406
7652 7651
7747 7746
3126 3125
1933 1932
5193 5192
4283 4282
6583 6582
4133 4132
8313 8312
1975 1974
3138 3137
66 65
9418 9417
8254 8253
4527 4526
580 579
701 700
2888 2887
5186 5185
1380 1379
71 70
8220 8219
5985 5984
889 888
4447 4446
8643 8642
197 196
5039 5038
3416 3415
9612 9611
3782 3781
5815 5814
4683 4682
4234 4233
8931 8930
7430 7429
6743 6742
3835 3834
9193 9192
6631 6630
1501 1500
5011 5010
8964 8963
3873 3872
2996 2995
7710 7709
1974 1973
7887 7886
3728 3727
661 660
2585 2584
7108 7107
1017 1016
8183 8182
1693 1692
3533 3532
5024 5023
6667 6666
6649 6648
9959 9958
8986 8985
8024 8023
4704 4703
9673 9672
2780 2779
8207 8206
3967 3966
2684 2683
4917 4916
5043 5042
316 315
9879 9878
427 426
4959 4958
978 977
9829 9828
596 595
7413 7412
9867 9866
3435 3434
8089 8088
9020 9019
9809 9808
3913 3912
9381 9380
4368 4367
1248 1247
4807 4806
4535 4534
5644 5643
3625 3624
9561 9560
2033 2032
9462 9461
6174 6173
1891 1890
1008 1007
512 511
6459 6458
4093 4092
4170 4169
7435 7434
9941 9940
2811 2810
9658 9657
3523 3522
2085 2084
8584 8583
6387 6386
8612 8611
9955 9954
5913 5912
9279 9278
1458 1457
6268 6267
5149 5148
9489 9488
5103 5102
520 519
7128 7127
9303 9302
2100 2099
8199 8198
1654 1653
4780 4779
8226 8225
6152 6151
8742 8741
8069 8068
8370 8369
5840 5839
8393 8392
3197 3196
3567 3566
5358 5357
8997 8996
2412 2411
3629 3628
6693 6692
1673 1672
1237 1236
6303 6302
4546 4545
9465 9464
256 255
6670 6669
8660 8659
655 654
977 976
8583 8582
7183 7182
8845 8844
4015 4014
957 956
8560 8559
4358 4357
1945 1944
867 866
6808 6807
9983 9982
4770 4769
1924 1923
6562 6561
1948 1947
8676 8675
345 344
1002 1001
8082 8081
1856 1855
1822 1821
8067 8066
7236 7235
4183 4182
5850 5849
7600 7599
2476 2475
489 488
7656 7655
4748 4747
921 920
9072 9071
6064 6063
359 358
8123 8122
9710 9709
811 810
3746 3745
7045 7044
4744 4743
2739 2738
2402 2401
2629 2628
4336 4335
7558 7557
2949 2948
9367 9366
2240 2239
3412 3411
558 557
247 246
1865 1864
2730 2729
8512 8511
9651 9650
1092 1091
5471 5470
8816 8815
2021 2020
330 329
1984 1983
8893 8892
4998 4997
4569 4568
7647 7646
6872 6871
5955 5954
6746 6745
8478 8477
5107 5106
2667 2666
4321 4320
1488 1487
5746 5745
60 59
4703 4702
4089 4088
422 421
1321 1320
7970 7969
4178 4177
8330 8329
6850 6849
1807 1806
3586 3585
7261 7260
3642 3641
5550 5549
2867 2866
7474 7473
6829 6828
8129 8128
4242 4241
119 118
8328 8327
500 499
4945 4944
1343 1342
5570 5569
5957 5956
823 822
1788 1787
8203 8202
6371 6370
1667 1666
6893 6892
9255 9254
7434 7433
2751 2750
1263 1262
3766 3765
7976 7975
3902 3901
9336 9335
5342 5341
4122 4121
9224 9223
8711 8710
408 407
107 106
8453 8452
6439 6438
2244 2243
8929 8928
5627 5626
5494 5493
2699 2698
5148 5147
7062 7061
2427 2426
1353 1352
1357 1356
9944 9943
6425 6424
9497 9496
9357 9356
1956 1955
689 688
8704 8703
6641 6640
5185 5184
6588 6587
1672 1671
7792 7791
559 558
7598 7597
5079 5078
4768 4767
7237 7236
17 16
1394 1393
4725 4724
194 193
6673 6672
2936 2935
8905 8904
6889 6888
6195 6194
4929 4928
1857 1856
2200 2199
4255 4254
3429 3428
4308 4307
6347 6346
4329 4328
123 122
3362 3361
3494 3493
9645 9644
4686 4685
7423 7422
1863 1862
4692 4691
9897 9896
6806 6805
969 968
1614 1613
7326 7325
1800 1799
3133 3132
4638 4637
4560 4559
8075 8074
5468 5467
3302 3301
9171 9170
5709 5708
7779 7778
6251 6250
937 936
452 451
4174 4173
1235 1234
5972 5971
7264 7263
5147 5146
8181 8180
4030 4029
807 806
6749 6748
1628 1627
6715 6714
7145 7144
1363 1362
163 162
4516 4515
8754 8753
1949 1948
5260 5259
6373 6372
8434 8433
1078 1077
9371 9370
8456 8455
498 497
3269 3268
6221 6220
7102 7101
4472 4471
9718 9717
3760 3759
5070 5069
7147 7146
9000 8999
3824 3823
3340 3339
1529 1528
7869 7868
6265 6264
2097 2096
3010 3009
3687 3686
5659 5658
2540 2539
5061 5060
8517 8516
4612 4611
102 101
2362 2361
4079 4078
8452 8451
9293 9292
2994 2993
4602 4601
8040 8039
1146 1145
6571 6570
8486 8485
4091 4090
3112 3111
733 732
6944 6943
3961 3960
6319 6318
9148 9147
122 121
1873 1872
885 884
5012 5011
1331 1330
1934 1933
5013 5012
8727 8726
4067 4066
6042 6041
6408 6407
7640 7639
9800 9799
9629 9628
2114 2113
2221 2220
3026 3025
1209 1208
7329 7328
8395 8394
67 66
7923 7922
5549 5548
3542 3541
8244 8243
3274 3273
9254 9253
5231 5230
7782 7781
6092 6091
5131 5130
8268 8267
7634 7633
5857 5856
2938 2937
6611 6610
5750 5749
1893 1892
8627 8626
5332 5331
4223 4222
1510 1509
6888 6887
7191 7190
6700 6699
1459 1458
1669 1668
8936 8935
5617 5616
5041 5040
1740 1739
6623 6622
2791 2790
7618 7617
9656 9655
5144 5143
3608 3607
6647 6646
5199 5198
8243 8242
8117 8116
5783 5782
4507 4506
1964 1963
6877 6876
6861 6860
8542 8541
365 364
1783 1782
7480 7479
8601 8600
2792 2791
719 718
8162 8161
4401 4400
1736 1735
2947 2946
3942 3941
35 34
3683 3682
6841 6840
8788 8787
775 774
2012 2011
6831 6830
257 256
8697 8696
8587 8586
6528 6527
7008 7007
3679 3678
2685 2684
1870 1869
6818 6817
8104 8103
2215 2214
8213 8212
1103 1102
8582 8581
6745 6744
5065 5064
9327 9326
1158 1157
6519 6518
370 369
152 151
8963 8962
3307 3306
5959 5958
6658 6657
7719 7718
675 674
8488 8487
8648 8647
3603 3602
9575 9574
2679 2678
6065 6064
340 339
2701 2700
9892 9891
8557 8556
4467 4466
5502 5501
7745 7744
3491 3490
4386 4385
648 647
6629 6628
8371 8370
1406 1405
6604 6603
8804 8803
1300 1299
9605 9604
4961 4960
875 874
6076 6075
2634 2633
9993 9992
9769 9768
3899 3898
7615 7614
2837 2836
1340 1339
3889 3888
294 293
9936 9935
2424 2423
9210 9209
3218 3217
9771 9770
5980 5979
2578 2577
9798 9797
9687 9686
4773 4772
9768 9767
6634 6633
828 827
7717 7716
9566 9565
5038 5037
2275 2274
636 635
3183 3182
6418 6417
4384 4383
9220 9219
5091 5090
514 513
2127 2126
4874 4873
8855 8854
4995 4994
3054 3053
1875 1874
400 399
8657 8656
653 652
8670 8669
9166 9165
8836 8835
851 850
2481 2480
3148 3147
4687 4686
3369 3368
786 785
9299 9298
1069 1068
8212 8211
4832 4831
2794 2793
2812 2811
6764 6763
7392 7391
8413 8412
7764 7763
1742 1741
5081 5080
2626 2625
4520 4519
1240 1239
2724 2723
7028 7027
3225 3224
4895 4894
9590 9589
3493 3492
488 487
5059 5058
2961 2960
7971 7970
2548 2547
4688 4687
7852 7851
505 504
4746 4745
4039 4038
5743 5742
6 5
9390 9389
448 447
8266 8265
9547 9546
3904 3903
2112 2111
8611 8610
8119 8118
4263 4262
1886 1885
4710 4709
9932 9931
3897 3896
2205 2204
1079 1078
4947 4946
4537 4536
4779 4778
3712 3711
7872 7871
8672 8671
6776 6775
2818 2817
8163 8162
9500 9499
2222 2221
9641 9640
1722 1721
1128 1127
8762 8761
5918 5917
8803 8802
83 82
8205 8204
4767 4766
3999 3998
9349 9348
3465 3464
2897 2896
6683 6682
7851 7850
3754 3753
8198 8197
518 517
8412 8411
1993 1992
4836 4835
1453 1452
5510 5509
6030 6029
5941 5940
3510 3509
4115 4114
4714 4713
8669 8668
6645 6644
8658 8657
1608 1607
6552 6551
2661 2660
6414 6413
8975 8974
6217 6216
3180 3179
1987 1986
9030 9029
9085 9084
9180 9179
3262 3261
7097 7096
4483 4482
7862 7861
4238 4237
9458 9457
5821 5820
8321 8320
5757 5756
7489 7488
8891 8890
8530 8529
8831 8830
663 662
4855 4854
856 855
6003 6002
5042 5041
3974 3973
7506 7505
7122 7121
2654 2653
7341 7340
7931 7930
646 645
5764 5763
5419 5418
3125 3124
4450 4449
8746 8745
5191 5190
1118 1117
8565 8564
7850 7849
2986 2985
8537 8536
1194 1193
8316 8315
2664 2663
1581 1580
7864 7863
221 220
4608 4607
4069 4068
3517 3516
9081 9080
8529 8528
298 297
1869 1868
27 26
1280 1279
4861 4860
276 275
7226 7225
731 730
8134 8133
1568 1567
8904 8903
1806 1805
2058 2057
7821 7820
1294 1293
4047 4046
6594 6593
6288 6287
7020 7019
4605 4604
7174 7173
787 786
7048 7047
1276 1275
8983 8982
6731 6730
5623 5622
2910 2909
7606 7605
2860 2859
9226 9225
8812 8811
9273 9272
6520 6519
8729 8728
6154 6153
7498 7497
1275 1274
414 413
8062 8061
1746 1745
8882 8881
7848 7847
9635 9634
1047 1046
6976 6975
3771 3770
9843 9842
9905 9904
5616 5615
7006 7005
3210 3209
1570 1569
6435 6434
2976 2975
2608 2607
6600 6599
5722 5721
1257 1256
3322 3321
5598 5597
2268 2267
8176 8175
3443 3442
4248 4247
9572 9571
6758 6757
8622 8621
8863 8862
4738 4737
2891 2890
2753 2752
812 811
5033 5032
4593 4592
1707 1706
708 707
7704 7703
8143 8142
7662 7661
1339 1338
7396 7395
9233 9232
9999 9998
9943 9942
6311 6310
5948 5947
2047 2046
1168 1167
499 498
2226 2225
8953 8952
9201 9200
1617 1616
6590 6589
4344 4343
3909 3908
7115 7114
1586 1585
4179 4178
328 327
7033 7032
5672 5671
2577 2576
1131 1130
902 901
9027 9026
2906 2905
6495 6494
1252 1251
5115 5114
3398 3397
5272 5271
6380 6379
5877 5876
7631 7630
1524 1523
3336 3335
3741 3740
324 323
2901 2900
9877 9876
2905 2904
685 684
886 885
5968 5967
3947 3946
8969 8968
3719 3718
2969 2968
7682 7681
6209 6208
9013 9012
31 30
7783 7782
1551 1550
3242 3241
8102 8101
2640 2639
3014 3013
5393 5392
4167 4166
3 2
8282 8281
2028 2027
4889 4888
2636 2635
6413 6412
9374 9373
5229 5228
1789 1788
3441 3440
394 393
9891 9890
311 310
1751 1750
5161 5160
954 953
5571 5570
4087 4086
4635 4634
5541 5540
8913 8912
2957 2956
6116 6115
5920 5919
5003 5002
6992 6991
1116 1115
5824 5823
3449 3448
8719 8718
1635 1634
350 349
7437 7436
6431 6430
7724 7723
2671 2670
3122 3121
421 420
1695 1694
6331 6330
4385 4384
7087 7086
4422 4421
6094 6093
9780 9779
2807 2806
4587 4586
5434 5433
8632 8631
7637 7636
3596 3595
5523 5522
38 37
8300 8299
8907 8906
5590 5589
1521 1520
1505 1504
1054 1053
6902 6901
3922 3921
6180 6179
3159 3158
6379 6378
351 350
1555 1554
2079 2078
3559 3558
219 218
6367 6366
45 44
6748 6747
1646 1645
4752 4751
615 614
9514 9513
8185 8184
6845 6844
1560 1559
1346 1345
6117 6116
6237 6236
3209 3208
8343 8342
4808 4807
8429 8428
2650 2649
3462 3461
8433 8432
7342 7341
4843 4842
1192 1191
8048 8047
6140 6139
6106 6105
4553 4552
7316 7315
1065 1064
3626 3625
1180 1179
7611 7610
8826 8825
1717 1716
5234 5233
839 838
3432 3431
5365 5364
6258 6257
7617 7616
3298 3297
868 867
6712 6711
9477 9476
2840 2839
9084 9083
140 139
1470 1469
6572 6571
1966 1965
1189 1188
2813 2812
3383 3382
2773 2772
2329 2328
1926 1925
9138 9137
680 679
4222 4221
8518 8517
7564 7563
9006 9005
5364 5363
1721 1720
6002 6001
9311 9310
1329 1328
8187 8186
1983 1982
9587 9586
4196 4195
6521 6520
847 846
780 779
9804 9803
7260 7259
9491 9490
9034 9033
7277 7276
9127 9126
1169 1168
3714 3713
5275 5274
4235 4234
1440 1439
7338 7337
7829 7828
4897 4896
5991 5990
4469 4468
405 404
451 450
4164 4163
9439 9438
2795 2794
5216 5215
590 589
5240 5239
3131 3130
7554 7553
8138 8137
745 744
435 434
1038 1037
7225 7224
3179 3178
207 206
8737 8736
3682 3681
8821 8820
2504 2503
5083 5082
4375 4374
7276 7275
1181 1180
6424 6423
6656 6655
2241 2240
5068 5067
5970 5969
7259 7258
6101 6100
9277 9276
991 990
1061 1060
3637 3636
2658 2657
6478 6477
258 257
7908 7907
3096 3095
9012 9011
4778 4777
6951 6950
8351 8350
4880 4879
8431 8430
1430 1429
7240 7239
3036 3035
3023 3022
7221 7220
6294 6293
9845 9844
4124 4123
2102 2101
4253 4252
1365 1364
3837 3836
141 140
8375 8374
3730 3729
1479 1478
2576 2575
9283 9282
6904 6903
8341 8340
341 340
6882 6881
9064 9063
4349 4348
473 472
7234 7233
527 526
2822 2821
9939 9938
2782 2781
5300 5299
606 605
9186 9185
1432 1431
3117 3116
560 559
5629 5628
9960 9959
5125 5124
3005 3004
8785 8784
2637 2636
2043 2042
4114 4113
6964 6963
5088 5087
1052 1051
4474 4473
159 158
2554 2553
613 612
5142 5141
5297 5296
9889 9888
2925 2924
6802 6801
7296 7295
7318 7317
6535 6534
8248 8247
9448 9447
1153 1152
1653 1652
3599 3598
8668 8667
9040 9039
995 994
5288 5287
5624 5623
7967 7966
7948 7947
1058 1057
7001 7000
8308 8307
6484 6483
9123 9122
7843 7842
2929 2928
7354 7353
2710 2709
386 385
1372 1371
3883 3882
8572 8571
7878 7877
5804 5803
9793 9792
4856 4855
5937 5936
4691 4690
7018 7017
5289 5288
3177 3176
7112 7111
4732 4731
5640 5639
4379 4378
117 116
5458 5457
895 894
3927 3926
2547 2546
9712 9711
9266 9265
1655 1654
1231 1230
6856 6855
8722 8721
707 706
5439 5438
3181 3180
936 935
2652 2651
899 898
3134 3133
4162 4161
5692 5691
8674 8673
8196 8195
5687 5686
7856 7855
7025 7024
4211 4210
626 625
9215 9214
1354 1353
4782 4781
5092 5091
9223 9222
5228 5227
9736 9735
3722 3721
1905 1904
1422 1421
4169 4168
4393 4392
3662 3661
7773 7772
8161 8160
9569 9568
6097 6096
419 418
1831 1830
3573 3572
3375 3374
927 926
3848 3847
686 685
4905 4904
4107 4106
1414 1413
795 794
5404 5403
3911 3910
4464 4463
1705 1704
9934 9933
3757 3756
4517 4516
6127 6126
4439 4438
2704 2703
8757 8756
355 354
3250 3249
406 405
1286 1285
8482 8481
6918 6917
6144 6143
742 741
3379 3378
3292 3291
583 582
7466 7465
6126 6125
1594 1593
4989 4988
7074 7073
2413 2412
2935 2934
3408 3407
1233 1232
2876 2875
6865 6864
5109 5108
1811 1810
5485 5484
4431 4430
5728 5727
3638 3637
9785 9784
4642 4641
8054 8053
5984 5983
2587 2586
4173 4172
9874 9873
121 120
2625 2624
53 52
7514 7513
251 250
730 729
5135 5134
5398 5397
6479 6478
8193 8192
1015 1014
463 462
73 72
5858 5857
5830 5829
6789 6788
2924 2923
7312 7311
47 46
1768 1767
3704 3703
959 958
7873 7872
1937 1936
9833 9832
9578 9577
6581 6580
3685 3684
312 311
9323 9322
6716 6715
457 456
9239 9238
673 672
6307 6306
949 948
5531 5530
21 20
3446 3445
6263 6262
3984 3983
3930 3929
7011 7010
9101 9100
5418 5417
4038 4037
8237 8236
4761 4760
5090 5089
9038 9037
9880 9879
3119 3118
9704 9703
7132 7131
9330 9329
3546 3545
3595 3594
3325 3324
732 731
3099 3098
3270 3269
8683 8682
9666 9665
744 743
6160 6159
7139 7138
7530 7529
6249 6248
5412 5411
4825 4824
4406 4405
7755 7754
2543 2542
4577 4576
7649 7648
947 946
195 194
7311 7310
446 445
5126 5125
6970 6969
6868 6867
7107 7106
5044 5043
29 28
1485 1484
5768 5767
9888 9887
3555 3554
9207 9206
2533 2532
5206 5205
98 97
6517 6516
456 455
9507 9506
1739 1738
2737 2736
7253 7252
1896 1895
8303 8302
4708 4707
5942 5941
3832 3831
9596 9595
2283 2282
3620 3619
8928 8927
160 159
572 571
3239 3238
5056 5055
3887 3886
674 673
1955 1954
7778 7777
793 792
8188 8187
2197 2196
7109 7108
2098 2097
1720 1719
1402 1401
2195 2194
9192 9191
2534 2533
265 264
449 448
8740 8739
8167 8166
1468 1467
8739 8738
5076 5075
8678 8677
2723 2722
7716 7715
4241 4240
3962 3961
1246 1245
9589 9588
9921 9920
8696 8695
9232 9231
3926 3925
6955 6954
9626 9625
4674 4673
9070 9069
9625 9624
6804 6803
7400 7399
7614 7613
4662 4661
9988 9987
5854 5853
2668 2667
8638 8637
6512 6511
164 163
1466 1465
9757 9756
4313 4312
5845 5844
8972 8971
7584 7583
2422 2421
5658 5657
175 174
8773 8772
1164 1163
2361 2360
5769 5768
7162 7161
650 649
5820 5819
1250 1249
3968 3967
7825 7824
5377 5376
2513 2512
8428 8427
6723 6722
5386 5385
3104 3103
8610 8609
5862 5861
3694 3693
6230 6229
5335 5334
2152 2151
7303 7302
5195 5194
8708 8707
9178 9177
404 403
9602 9601
831 830
9750 9749
8392 8391
2501 2500
3048 3047
2712 2711
3552 3551
2060 2059
5780 5779
1854 1853
4452 4451
2505 2504
326 325
4622 4621
7553 7552
8506 8505
4494 4493
3271 3270
1080 1079
7246 7245
2870 2869
6486 6485
1271 1270
2251 2250
6797 6796
3121 3120
6532 6531
6728 6727
8394 8393
4018 4017
3674 3673
5588 5587
2920 2919
4928 4927
6807 6806
6505 6504
7166 7165
7522 7521
7594 7593
4701 4700
9269 9268
8010 8009
3617 3616
346 345
7454 7453
1310 1309
8325 8324
8592 8591
4589 4588
5000 4999
2303 2302
4013 4012
5874 5873
4933 4932
7714 7713
9222 9221
3196 3195
4028 4027
9525 9524
7731 7730
9235 9234
634 633
3807 3806
672 671
2956 2955
3721 3720
5638 5637
4793 4792
8910 8909
6374 6373
7914 7913
4821 4820
6254 6253
7670 7669
3949 3948
5608 5607
4128 4127
2864 2863
4661 4660
9502 9501
735 734
2821 2820
1352 1351
9144 9143
6332 6331
4547 4546
8579 8578
6452 6451
1696 1695
230 229
5437 5436
1195 1194
9403 9402
9702 9701
2144 2143
9 8
7314 7313
2942 2941
453 452
4852 4851
7114 7113
8753 8752
2744 2743
1197 1196
7696 7695
4301 4300
9339 9338
9480 9479
7232 7231
5513 5512
3894 3893
556 555
8981 8980
3163 3162
7299 7298
9541 9540
3577 3576
1590 1589
7708 7707
9857 9856
6890 6889
784 783
681 680
6602 6601
1120 1119
19 18
5892 5891
2631 2630
6709 6708
1760 1759
8776 8775
3074 3073
3979 3978
9510 9509
513 512
7134 7133
5062 5061
5923 5922
2946 2945
8115 8114
1663 1662
1584 1583
7235 7234
4878 4877
6026 6025
6498 6497
4118 4117
7100 7099
7516 7515
9194 9193
4257 4256
8873 8872
7918 7917
7547 7546
5868 5867
1979 1978
7241 7240
8923 8922
4628 4627
8934 8933
8373 8372
2290 2289
7986 7985
2346 2345
3915 3914
377 376
1921 1920
8792 8791
4798 4797
2325 2324
1256 1255
7382 7381
2053 2052
3658 3657
2832 2831
2083 2082
9391 9390
7694 7693
8013 8012
941 940
3816 3815
9786 9785
1988 1987
2833 2832
128 127
3454 3453
7816 7815
2709 2708
1224 1223
2800 2799
5935 5934
3071 3070
3615 3614
2985 2984
1876 1875
6534 6533
7371 7370
7463 7462
1228 1227
2647 2646
1295 1294
2178 2177
8145 8144
607 606
9092 9091
4180 4179
8976 8975
6360 6359
2989 2988
413 412
6348 6347
7214 7213
9238 9237
68 67
874 873
5084 5083
5448 5447
6558 6557
3219 3218
737 736
6402 6401
3906 3905
3407 3406
7218 7217
4800 4799
2342 2341
5664 5663
407 406
4663 4662
3600 3599
1490 1489
3876 3875
1117 1116
7043 7042
8222 8221
8772 8771
5907 5906
659 658
2765 2764
1925 1924
3223 3222
2688 2687
9912 9911
1296 1295
5302 5301
5361 5360
5411 5410
9392 9391
1255 1254
1604 1603
3606 3605
7536 7535
1411 1410
8597 8596
7133 7132
8973 8972
1903 1902
3053 3052
6474 6473
924 923
8440 8439
7824 7823
7973 7972
9309 9308
5450 5449
4649 4648
4796 4795
2605 2604
229 228
3358 3357
6518 6517
9058 9057
7591 7590
5086 5085
3611 3610
9633 9632
4204 4203
1381 1380
6001 6000
8503 8502
5945 5944
2249 2248
4130 4129
7535 7534
8291 8290
7754 7753
6883 6882
2234 2233
5108 5107
951 950
3308 3307
8868 8867
6086 6085
929 928
3716 3715
5960 5959
7608 7607
9915 9914
4733 4732
9973 9972
6608 6607
5798 5797
8192 8191
589 588
2444 2443
3975 3974
2180 2179
188 187
7265 7264
2738 2737
4845 4844
1899 1898
3263 3262
8039 8038
1702 1701
890 889
9156 9155
618 617
9135 9134
2075 2074
4424 4423
8940 8939
758 757
6541 6540
1001 1000
2213 2212
5058 5057
54 53
7671 7670
4144 4143
2622 2621
5396 5395
5233 5232
4887 4886
1226 1225
8055 8054
7960 7959
2473 2472
6046 6045
7465 7464
8993 8992
2694 2693
8690 8689
3287 3286
1064 1063
4901 4900
2364 2363
8200 8199
202 201
1095 1094
1145 1144
1647 1646
7639 7638
8535 8534
542 541
1333 1332
7808 7807
2472 2471
5646 5645
2747 2746
2612 2611
9855 9854
9903 9902
3977 3976
2158 2157
7404 7403
4626 4625
6236 6235
2820 2819
509 508
8106 8105
5274 5273
2713 2712
5591 5590
3241 3240
9584 9583
5137 5136
7119 7118
8599 8598
2670 2669
5983 5982
3846 3845
9008 9007
7957 7956
6139 6138
9120 9119
9679 9678
9913 9912
9227 9226
7187 7186
5583 5582
2189 2188
9301 9300
5423 5422
2474 2473
5739 5738
7903 7902
697 696
8782 8781
2828 2827
819 818
2766 2765
1840 1839
3711 3710
6213 6212
7928 7927
5698 5697
9668 9667
3569 3568
4139 4138
2560 2559
6696 6695
1464 1463
9389 9388
8944 8943
6894 6893
3031 3030
3460 3459
4231 4230
2557 2556
2433 2432
91 90
7603 7602
2365 2364
3329 3328
7822 7821
4791 4790
5123 5122
7776 7775
1097 1096
2115 2114
2559 2558
4334 4333
5792 5791
9270 9269
246 245
8624 8623
3052 3051
9445 9444
8793 8792
3285 3284
8607 8606
8427 8426
4834 4833
850 849
898 897
1716 1715
3129 3128
5544 5543
1691 1690
1010 1009
8673 8672
3618 3617
9685 9684
3496 3495
9152 9151
6102 6101
8827 8826
59 58
4317 4316
4453 4452
7901 7900
5903 5902
2174 2173
981 980
3303 3302
5453 5452
7012 7011
4156 4155
8768 8767
5095 5094
5500 5499
2997 2996
1610 1609
8965 8964
8571 8570
8365 8364
2230 2229
9709 9708
1885 1884
5618 5617
6585 6584
1253 1252
6587 6586
6415 6414
9134 9133
3862 3861
7532 7531
302 301
8404 8403
4318 4317
9005 9004
2318 2317
9717 9716
2825 2824
5118 5117
2242 2241
6063 6062
6231 6230
6962 6961
4197 4196
1121 1120
6476 6475
237 236
3580 3579
9440 9439
5950 5949
9949 9948
1624 1623
9783 9782
6892 6891
5745 5744
593 592
7890 7889
8492 8491
9863 9862
1239 1238
2429 2428
8890 8889
399 398
9747 9746
6732 6731
1930 1929
591 590
2930 2929
630 629
8637 8636
9219 9218
6531 6530
9189 9188
5700 5699
4886 4885
6660 6659
3908 3907
5050 5049
6953 6952
1086 1085
6151 6150
8464 8463
7581 7580
3715 3714
6972 6971
9387 9386
1670 1669
9827 9826
4397 4396
2841 2840
8791 8790
2881 2880
3199 3198
8174 8173
7981 7980
3324 3323
2788 2787
8764 8763
7680 7679
3013 3012
9968 9967
6143 6142
6826 6825
1963 1962
9669 9668
5101 5100
570 569
5656 5655
5775 5774
1513 1512
4717 4716
8449 8448
42 41
3055 3054
336 335
4730 4729
1123 1122
3275 3274
1758 1757
6911 6910
1712 1711
3665 3664
5463 5462
4396 4395
3627 3626
3359 3358
8918 8917
3315 3314
437 436
3971 3970
747 746
804 803
5594 5593
2884 2883
8378 8377
296 295
1711 1710
5844 5843
5051 5050
4052 4051
3691 3690
3137 3136
5187 5186
8631 8630
904 903
462 461
5886 5885
6502 6501
7635 7634
7560 7559
1764 1763
3650 3649
8021 8020
7758 7757
8593 8592
3786 3785
6839 6838
9091 9090
3693 3692
6824 6823
4078 4077
8749 8748
2775 2774
9093 9092
4572 4571
2470 2469
242 241
1676 1675
126 125
4193 4192
284 283
9870 9869
7057 7056
8794 8793
4963 4962
7675 7674
1780 1779
7875 7874
2436 2435
8771 8770
4595 4594
7337 7336
1824 1823
309 308
148 147
8112 8111
6750 6749
6556 6555
7746 7745
633 632
5153 5152
2281 2280
846 845
9826 9825
8120 8119
4847 4846
4458 4457
3489 3488
9486 9485
8692 8691
3377 3376
101 100
1201 1200
1508 1507
8443 8442
2250 2249
6722 6721
9526 9525
3310 3309
5539 5538
9607 9606
9268 9267
4289 4288
8156 8155
9924 9923
8971 8970
3518 3517
1680 1679
5350 5349
4051 4050
9801 9800
6345 6344
2706 2705
9055 9054
376 375
7700 7699
3673 3672
2425 2424
8825 8824
308 307
5987 5986
3507 3506
9492 9491
4893 4892
1498 1497
3841 3840
796 795
931 930
963 962
5073 5072
2991 2990
3076 3075
5582 5581
8171 8170
3145 3144
4764 4763
1970 1969
3227 3226
4765 4764
7201 7200
8358 8357
9056 9055
9161 9160
7789 7788
137 136
7949 7948
491 490
2537 2536
9401 9400
6857 6856
2789 2788
6061 6060
4103 4102
6112 6111
90 89
853 852
6689 6688
1915 1914
1797 1796
2816 2815
9380 9379
4141 4140
4509 4508
6310 6309
3291 3290
9225 9224
9964 9963
425 424
3675 3674
5995 5994
5316 5315
4259 4258
603 602
9234 9233
3349 3348
9438 9437
4191 4190
2404 2403
7612 7611
4186 4185
1932 1931
9128 9127
3385 3384
2657 2656
162 161
7153 7152
8132 8131
6009 6008
3483 3482
9037 9036
1532 1531
3954 3953
5560 5559
3433 3432
7687 7686
6627 6626
3261 3260
2013 2012
6707 6706
5479 5478
2721 2720
2466 2465
2545 2544
4140 4139
6489 6488
5293 5292
863 862
1889 1888
7031 7030
8731 8730
4956 4955
3733 3732
1454 1453
321 320
687 686
4902 4901
7091 7090
1311 1310
2894 2893
6665 6664
2855 2854
6320 6319
5686 5685
1428 1427
6021 6020
6211 6210
6515 6514
4620 4619
9110 9109
9426 9425
9996 9995
9195 9194
3729 3728
8028 8027
939 938
1931 1930
8418 8417
519 518
4751 4750
3363 3362
8426 8425
6185 6184
5838 5837
1901 1900
2400 2399
3912 3911
2927 2926
5602 5601
4814 4813
8359 8358
2984 2983
7280 7279
3838 3837
4433 4432
9974 9973
3761 3760
3153 3152
1482 1481
6120 6119
4429 4428
2567 2566
48 47
106 105
5491 5490
6794 6793
8647 8646
7370 7369
327 326
729 728
9378 9377
9334 9333
4543 4542
1552 1551
4319 4318
7570 7569
5235 5234
6843 6842
4771 4770
3110 3109
3985 3984
1607 1606
883 882
9515 9514
3084 3083
9706 9705
1908 1907
5667 5666
5993 5992
9869 9868
7784 7783
7946 7945
4942 4941
1315 1314
6248 6247
2607 2606
7244 7243
8728 8727
7224 7223
5180 5179
9529 9528
9325 9324
1849 1848
7072 7071
3278 3277
1378 1377
567 566
4790 4789
8958 8957
756 755
8272 8271
2856 2855
3452 3451
669 668
4702 4701
4405 4404
9977 9976
8092 8091
8507 8506
629 628
7562 7561
9714 9713
4279 4278
6326 6325
2824 2823
7626 7625
7623 7622
1862 1861
9616 9615
9966 9965
7657 7656
7653 7652
1593 1592
5748 5747
3698 3697
7157 7156
4119 4118
7348 7347
9811 9810
9872 9871
4611 4610
4784 4783
4189 4188
5325 5324
2149 2148
5435 5434
4551 4550
2741 2740
7934 7933
120 119
1285 1284
9066 9065
5674 5673
7333 7332
3397 3396
7399 7398
1071 1070
5019 5018
8857 8856
836 835
388 387
6942 6941
5883 5882
6721 6720
6725 6724
7790 7789
3072 3071
8320 8319
2859 2858
4496 4495
9125 9124
8469 8468
6525 6524
6246 6245
5786 5785
3458 3457
4503 4502
4839 4838
7035 7034
8384 8383
2509 2508
6362 6361
9784 9783
4054 4053
5263 5262
916 915
5841 5840
9680 9679
5762 5761
1829 1828
5773 5772
6443 6442
6916 6915
7798 7797
1355 1354
9170 9169
1105 1104
9328 9327
9398 9397
476 475
1323 1322
6961 6960
1112 1111
5718 5717
9394 9393
6635 6634
3007 3006
7040 7039
8005 8004
4266 4265
5100 5099
820 819
4786 4785
8980 8979
2616 2615
2776 2775
7398 7397
4810 4809
8046 8045
8085 8084
1969 1968
7061 7060
6262 6261
5585 5584
1872 1871
6448 6447
5557 5556
5517 5516
869 868
9818 9817
1421 1420
4548 4547
3051 3050
7419 7418
2023 2022
9228 9227
344 343
8441 8440
8264 8263
9202 9201
2179 2178
5160 5159
3457 3456
9985 9984
1994 1993
4977 4976
5888 5887
2123 2122
8081 8080
8925 8924
523 522
3401 3400
4292 4291
2939 2938
6506 6505
9520 9519
6298 6297
8455 8454
8713 8712
277 276
356 355
6277 6276
4660 4659
6314 6313
3212 3211
5563 5562
3279 3278
2890 2889
9632 9631
7308 7307
7084 7083
3772 3771
9117 9116
3830 3829
3529 3528
7395 7394
6392 6391
5787 5786
8554 8553
8462 8461
2090 2089
5347 5346
8414 8413
2968 2967
8228 8227
3222 3221
9886 9885
6313 6312
9062 9061
955 954
3514 3513
3477 3476
430 429
9473 9472
4772 4771
8166 8165
584 583
8630 8629
4462 4461
1732 1731
2140 2139
3953 3952
2259 2258
5554 5553
705 704
7705 7704
8879 8878
9479 9478
8570 8569
8086 8085
4584 4583
1526 1525
5296 5295
1738 1737
1540 1539
783 782
2391 2390
8955 8954
8135 8134
1014 1013
1386 1385
9104 9103
8856 8855
7672 7671
8346 8345
4513 4512
7302 7301
9638 9637
8681 8680
211 210
4117 4116
7254 7253
6276 6275
605 604
6733 6732
3351 3350
4978 4977
8403 8402
8810 8809
872 871
3426 3425
9646 9645
6628 6627
4009 4008
7448 7447
6688 6687
9664 9663
4443 4442
8357 8356
4740 4739
5642 5641
2614 2613
4659 4658
3017 3016
9388 9387
726 725
9074 9073
6024 6023
4915 4914
8310 8309
2190 2189
1032 1031
9923 9922
2343 2342
614 613
2965 2964
2809 2808
3669 3668
4335 4334
1396 1395
5022 5021
12 11
9158 9157
8514 8513
2830 2829
1148 1147
8467 8466
4877 4876
7089 7088
7993 7992
4655 4654
2187 2186
9814 9813
5348 5347
7793 7792
7209 7208
8250 8249
918 917
1923 1922
9591 9590
4679 4678
6137 6136
2341 2340
7743 7742
4247 4246
2406 2405
7458 7457
3128 3127
3948 3947
7262 7261
1207 1206
6654 6653
6510 6509
2383 2382
2720 2719
7944 7943
6255 6254
9987 9986
8707 8706
3843 3842
6125 6124
4261 4260
3863 3862
1107 1106
7106 7105
4826 4825
1132 1131
1894 1893
4682 4681
3534 3533
4149 4148
3521 3520
2467 2466
1773 1772
2995 2994
4715 4714
8933 8932
4724 4723
9240 9239
6880 6879
5982 5981
1322 1321
1960 1959
9485 9484
5635 5634
8787 8786
6559 6558
2416 2415
845 844
7343 7342
4920 4919
5164 5163
2909 2908
1777 1776
8438 8437
3273 3272
82 81
7051 7050
7044 7043
7154 7153
8655 8654
8519 8518
9019 9018
4024 4023
3875 3874
1999 1998
919 918
6752 6751
2641 2640
7880 7879
7785 7784
5575 5574
5498 5497
8368 8367
8216 8215
6192 6191
3744 3743
581 580
36 35
3162 3161
2693 2692
3374 3373
3061 3060
5599 5598
9777 9776
8966 8965
5426 5425
7521 7520
6702 6701
4402 4401
2483 2482
4937 4936
168 167
976 975
3174 3173
1151 1150
6661 6660
1977 1976
6842 6841
9721 9720
9478 9477
7364 7363
5276 5275
970 969
3090 3089
6597 6596
9765 9764
7282 7281
5969 5968
2620 2619
9297 9296
369 368
9068 9067
7619 7618
8561 8560
5661 5660
3092 3091
6691 6690
4580 4579
9705 9704
1616 1615
8130 8129
5988 5987
4063 4062
7355 7354
6040 6039
5354 5353
5391 5390
754 753
2248 2247
1580 1579
8726 8725
7213 7212
506 505
469 468
439 438
4323 4322
1642 1641
8298 8297
6012 6011
788 787
5528 5527
7485 7484
6114 6113
9748 9747
411 410
4557 4556
7394 7393
4583 4582
4671 4670
9789 9788
8865 8864
8720 8719
8259 8258
2883 2882
1836 1835
5295 5294
944 943
5053 5052
4940 4939
5790 5789
5520 5519
4974 4973
8714 8713
6703 6702
8685 8684
4554 4553
7699 7698
4697 4696
320 319
1161 1160
9241 9240
4736 4735
7477 7476
167 166
4699 4698
9409 9408
1011 1010
4818 4817
7141 7140
1090 1089
4065 4064
8635 8634
8095 8094
2063 2062
2224 2223
7440 7439
4615 4614
764 763
7884 7883
1268 1267
738 737
4666 4665
5219 5218
6426 6425
4803 4802
6726 6725
9619 9618
7855 7854
1574 1573
9766 9765
4952 4951
8018 8017
4104 4103
354 353
1236 1235
6090 6089
9861 9860
1030 1029
5782 5781
8386 8385
8334 8333
6013 6012
7735 7734
6663 6662
5853 5852
7915 7914
4147 4146
5952 5951
8151 8150
1834 1833
9895 9894
1183 1182
8402 8401
4991 4990
4160 4159
8899 8898
761 760
6781 6780
7340 7339
8410 8409
4348 4347
4370 4369
3934 3933
8859 8858
4647 4646
9275 9274
9441 9440
9175 9174
2184 2183
6190 6189
5586 5585
8297 8296
4226 4225
2698 2697
1087 1086
5584 5583
5846 5845
7767 7766
5677 5676
3360 3359
6625 6624
3631 3630
2124 2123
8141 8140
8809 8808
2861 2860
598 597
4351 4350
5054 5053
1307 1306
2987 2986
5155 5154
8236 8235
3543 3542
8400 8399
7665 7664
1906 1905
2039 2038
2718 2717
3502 3501
5605 5604
6361 6360
573 572
4415 4414
8262 8261
3233 3232
5399 5398
7143 7142
6214 6213
3461 3460
1833 1832
942 941
6366 6365
238 237
2321 2320
9838 9837
8802 8801
2136 2135
790 789
9326 9325
1059 1058
1972 1971
9535 9534
6118 6117
186 185
5035 5034
475 474
3047 3046
2805 2804
857 856
3607 3606
7037 7036
4939 4938
6057 6056
2208 2207
7772 7771
9460 9459
6299 6298
4116 4115
9648 9647
7198 7197
5427 5426
1476 1475
9856 9855
6460 6459
9503 9502
4777 4776
2121 2120
6935 6934
3158 3157
827 826
7859 7858
1567 1566
5253 5252
1313 1312
136 135
2550 2549
7017 7016
3601 3600
8968 8967
7083 7082
6809 6808
7701 7700
7082 7081
1125 1124
1520 1519
3795 3794
9260 9259
4127 4126
2000 1999
8422 8421
1890 1889
1044 1043
4841 4840
6281 6280
3590 3589
7959 7958
2439 2438
6308 6307
8642 8641
8945 8944
442 441
5771 5770
641 640
8214 8213
7389 7388
9216 9215
6240 6239
8108 8107
2804 2803
8677 8676
5173 5172
3299 3298
5653 5652
6224 6223
445 444
5446 5445
9428 9427
1170 1169
4629 4628
9634 9633
1211 1210
9320 9319
1897 1896
8629 8628
2843 2842
891 890
9039 9038
1527 1526
9476 9475
7736 7735
3980 3979
3742 3741
1895 1894
6357 6356
4591 4590
6952 6951
481 480
1900 1899
2326 2325
5839 5838
5707 5706
4590 4589
5298 5297
3455 3454
4216 4215
208 207
4011 4010
9162 9161
9305 9304
1825 1824
6454 6453
3059 3058
4137 4136
5483 5482
3463 3462
1374 1373
6071 6070
4614 4613
8278 8277
925 924
4759 4758
4332 4331
1630 1629
179 178
7605 7604
8752 8751
6352 6351
6429 6428
6836 6835
700 699
5530 5529
7429 7428
6428 6427
5175 5174
6577 6576
2582 2581
3783 3782
3988 3987
4896 4895
7499 7498
2431 2430
4678 4677
8817 8816
3492 3491
3297 3296
3320 3319
7963 7962
8618 8617
7786 7785
4233 4232
7159 7158
6584 6583
5515 5514
4949 4948
6669 6668
7920 7919
1137 1136
4441 4440
4246 4245
4342 4341
6734 6733
5657 5656
4651 4650
5540 5539
9310 9309
4026 4025
5967 5966
5938 5937
9847 9846
5020 5019
9790 9789
8436 8435
1790 1789
9558 9557
275 274
6885 6884
5346 5345
5977 5976
3799 3798
7555 7554
1247 1246
7702 7701
6301 6300
8210 8209
660 659
5911 5910
1175 1174
6354 6353
9003 9002
2975 2974
201 200
2896 2895
665 664
7978 7977
6243 6242
624 623
3243 3242
9397 9396
9290 9289
2217 2216
8000 7999
935 934
5932 5931
8651 8650
165 164
5337 5336
1867 1866
5562 5561
9853 9852
7369 7368
1133 1132
5444 5443
8153 8152
7922 7921
93 92
3240 3239
1081 1080
3327 3326
8985 8984
1166 1165
2669 2668
5413 5412
2511 2510
347 346
138 137
2266 2265
3490 3489
5004 5003
2609 2608
9498 9497
7029 7028
5865 5864
8052 8051
8935 8934
4096 4095
6205 6204
4931 4930
7220 7219
4639 4638
7456 7455
9583 9582
7590 7589
3471 3470
1631 1630
4098 4097
1577 1576
2423 2422
8172 8171
4983 4982
2421 2420
1536 1535
912 911
8336 8335
7219 7218
602 601
2553 2552
3738 3737
3331 3330
4272 4271
8608 8607
6819 6818
8801 8800
1539 1538
8099 8098
9050 9049
3524 3523
4992 4991
7271 7270
26 25
8173 8172
4125 4124
3355 3354
2316 2315
4955 4954
8767 8766
682 681
5121 5120
3161 3160
4859 4858
4538 4537
3098 3097
112 111
3946 3945
4879 4878
8058 8057
4420 4419
5177 5176
459 458
2952 2951
9794 9793
4105 4104
5684 5683
8437 8436
3245 3244
8558 8557
4195 4194
7832 7831
5534 5533
2310 2309
4504 4503
4182 4181
3405 3404
7475 7474
7250 7249
1523 1522
6340 6339
5736 5735
2921 2920
9597 9596
1104 1103
968 967
643 642
508 507
3530 3529
2378 2377
5005 5004
6398 6397
2727 2726
8834 8833
9802 9801
9883 9882
3288 3287
4264 4263
6626 6625
8311 8310
5525 5524
7595 7594
3568 3567
1557 1556
3774 3773
3867 3866
7323 7322
8350 8349
1465 1464
7137 7136
5052 5051
9762 9761
1805 1804
2886 2885
1141 1140
1225 1224
4225 4224
5770 5769
7015 7014
204 203
6958 6957
4254 4253
4416 4415
6427 6426
3032 3031
8884 8883
6595 6594
2237 2236
6747 6746
4260 4259
1431 1430
911 910
2763 2762
9209 9208
983 982
3075 3074
4176 4175
8989 8988
7125 7124
6690 6689
9086 9085
9159 9158
7403 7402
2057 2056
6162 6161
7883 7882
9315 9314
1920 1919
9154 9153
6158 6157
9700 9699
7346 7345
7167 7166
7215 7214
4403 4402
1102 1101
5572 5571
5248 5247
6550 6549
4432 4431
4381 4380
5607 5606
678 677
2581 2580
3576 3575
1186 1185
25 24
9899 9898
4366 4365
5025 5024
8832 8831
4297 4296
9338 9337
8423 8422
9028 9027
3169 3168
5320 5319
4404 4403
1129 1128
3431 3430
7533 7532
7251 7250
8805 8804
9308 9307
495 494
7090 7089
3702 3701
2635 2634
2395 2394
1744 1743
2943 2942
4987 4986
6005 6004
55 54
7801 7800
2912 2911
8255 8254
6468 6467
6358 6357
1995 1994
3428 3427
78 77
3516 3515
145 144
2808 2807
2887 2886
6684 6683
9057 9056
477 476
4399 4398
3459 3458
7845 7844
8277 8276
8603 8602
297 296
7278 7277
3060 3059
9407 9406
9420 9419
7449 7448
4154 4153
1541 1540
8653 8652
1004 1003
7828 7827
6325 6324
774 773
189 188
9078 9077
8260 8259
5921 5920
7668 7667
4521 4520
6131 6130
5914 5913
6920 6919
5023 5022
9610 9609
4926 4925
5220 5219
8360 8359
1144 1143
3254 3253
9620 9619
3735 3734
5239 5238
3932 3931
6208 6207
7021 7020
7737 7736
9862 9861
2736 2735
2338 2337
8552 8551
5415 5414
4270 4269
9836 9835
6188 6187
1306 1305
7190 7189
8870 8869
8853 8852
1752 1751
6795 6794
7009 7008
7684 7683
9980 9979
8718 8717
6369 6368
5357 5356
3643 3642
387 386
9160 9159
3152 3151
5910 5909
9815 9814
7550 7549
9540 9539
5451 5450
5566 5565
3718 3717
3736 3735
8225 8224
8407 8406
2209 2208
5459 5458
3928 3927
8338 8337
5484 5483
8348 8347
8862 8861
1486 1485
5424 5423
8902 8901
777 776
564 563
4175 4174
5469 5468
3424 3423
1098 1097
8374 8373
4062 4061
4373 4372
4541 4540
7360 7359
5891 5890
844 843
9236 9235
3156 3155
6699 6698
8489 8488
3086 3085
1879 1878
2099 2098
9061 9060
9662 9661
5284 5283
9455 9454
144 143
8485 8484
9508 9507
1598 1597
3079 3078
9153 9152
433 432
2639 2638
9682 9681
8621 8620
6172 6171
2385 2384
9129 9128
5600 5599
4718 4717
6385 6384
6617 6616
2374 2373
3842 3841
9735 9734
5256 5255
1589 1588
9542 9541
6245 6244
4258 4257
6066 6065
2862 2861
7484 7483
8281 8280
4109 4108
4275 4274
5099 5098
6778 6777
8914 8913
5665 5664
2170 2169
2430 2429
5489 5488
1881 1880
7270 7269
9594 9593
3609 3608
8078 8077
4892 4891
8275 8274
8191 8190
6446 6445
1602 1601
9183 9182
3666 3665
7899 7898
5946 5945
2345 2344
8789 8788
70 69
7073 7072
6557 6556
5211 5210
5961 5960
6948 6947
832 831
3334 3333
9981 9980
4936 4935
2245 2244
1952 1951
7943 7942
7592 7591
6832 6831
9995 9994
9728 9727
3484 3483
5514 5513
4082 4081
1623 1622
2067 2066
4822 4821
7495 7494
360 359
1519 1518
2732 2731
3849 3848
2451 2450
8088 8087
4484 4483
3000 2999
3564 3563
4716 4715
3265 3264
9280 9279
6965 6964
960 959
9205 9204
8568 8567
1448 1447
4213 4212
6100 6099
5779 5778
1522 1521
9494 9493
4214 4213
7290 7289
3769 3768
6529 6528
5726 5725
5222 5221
2779 2778
1075 1074
4165 4164
635 634
7503 7502
6458 6457
5067 5066
4842 4841
6239 6238
7817 7816
9922 9921
2591 2590
7000 6999
782 781
7788 7787
7339 7338
9553 9552
3056 3055
9345 9344
5593 5592
2475 2474
3400 3399
9925 9924
7003 7002
7762 7761
3024 3023
3765 3764
7330 7329
2651 2650
7765 7764
43 42
2551 2550
644 643
8829 8828
7131 7130
2220 2219
1216 1215
5382 5381
3717 3716
8807 8806
6884 6883
5774 5773
5120 5119
6186 6185
9033 9032
953 952
1997 1996
143 142
9733 9732
8666 8665
9188 9187
7504 7503
1053 1052
4090 4089
1986 1985
2682 2681
7909 7908
9942 9941
7892 7891
9622 9621
3136 3135
3550 3549
9851 9850
2437 2436
1962 1961
5796 5795
3231 3230
1842 1841
5893 5892
1379 1378
4582 4581
3253 3252
5287 5286
4250 4249
2508 2507
5238 5237
4152 4151
2113 2112
2838 2837
9504 9503
6295 6294
5265 5264
3983 3982
2010 2009
6067 6066
768 767
3646 3645
9722 9721
5825 5824
9464 9463
3436 3435
5124 5123
4053 4052
2029 2028
1344 1343
3175 3174
1206 1205
1049 1048
3981 3980
6159 6158
7284 7283
1382 1381
7706 7705
5889 5888
3040 3039
1957 1956
7893 7892
6678 6677
2707 2706
9513 9512
2260 2259
9893 9892
2762 2761
5400 5399
9419 9418
4434 4433
9430 9429
3146 3145
9723 9722
7476 7475
3751 3750
2191 2190
534 533
8876 8875
7836 7835
3834 3833
5021 5020
1748 1747
5673 5672
9693 9692
952 951
7659 7658
3539 3538
14 13
7393 7392
6755 6754
6453 6452
8118 8117
2902 2901
3847 3846
887 886
6269 6268
6718 6717
6434 6433
9082 9081
5355 5354
7179 7178
4251 4250
7835 7834
1091 1090
8775 8774
5620 5619
684 683
295 294
934 933
6138 6137
1792 1791
2583 2582
5154 5153
7650 7649
8068 8067
234 233
7307 7306
8168 8167
1713 1712
4456 4455
2110 2109
6593 6592
5082 5081
2933 2932
9435 9434
104 103
2931 2930
8274 8273
7005 7004
4586 4585
1677 1676
2309 2308
4409 4408
7038 7037
6757 6756
7632 7631
7685 7684
9004 9003
6359 6358
5246 5245
1326 1325
2040 2039
1493 1492
8912 8911
2541 2540
9663 9662
920 919
3723 3722
7961 7960
8626 8625
5738 5737
3677 3676
8283 8282
1563 1562
8841 8840
9598 9597
4530 4529
6986 6985
8878 8877
1785 1784
1140 1139
7826 7825
5189 5188
6483 6482
965 964
502 501
1583 1582
9026 9025
6060 6059
5015 5014
3563 3562
8125 8124
5257 5256
1776 1775
597 596
3067 3066
1841 1840
5958 5957
2135 2134
9926 9925
8756 8755
5094 5093
4958 4957
5473 5472
8858 8857
5141 5140
2156 2155
4944 4943
1005 1004
113 112
9098 9097
3259 3258
8239 8238
4684 4683
2322 2321
9690 9689
4946 4945
7777 7776
5344 5343
8245 8244
7510 7509
1530 1529
3622 3621
465 464
4529 4528
8177 8176
2858 2857
8355 8354
7305 7304
5924 5923
5581 5580
8142 8141
4604 4603
859 858
6292 6291
5931 5930
7334 7333
9778 9777
216 215
373 372
5226 5225
7130 7129
4320 4319
3664 3663
4153 4152
6017 6016
161 160
3917 3916
9457 9456
5277 5276
9046 9045
6462 6461
9773 9772
1361 1360
3505 3504
1528 1527
9415 9414
8822 8821
5529 5528
2120 2119
608 607
6316 6315
8273 8272
1127 1126
306 305
3808 3807
9368 9367
5496 5495
8148 8147
9079 9078
4230 4229
7118 7117
2092 2091
6401 6400
9600 9599
4528 4527
3572 3571
7285 7284
1026 1025
4395 4394
5928 5927
4550 4549
9703 9702
9168 9167
2695 2694
2336 2335
361 360
1478 1477
736 735
2748 2747
9197 9196
4632 4631
3143 3142
7996 7995
4757 4756
5547 5546
3257 3256
1408 1407
822 821
362 361
8594 8593
6959 6958
3394 3393
2080 2079
1139 1138
6652 6651
4996 4995
4512 4511
3793 3792
4200 4199
3597 3596
3758 3757
2393 2392
5966 5965
2068 2067
9573 9572
712 711
3102 3101
6330 6329
1324 1323
5603 5602
2163 2162
3886 3885
8909 8908
6704 6703
6404 6403
4034 4033
5833 5832
64 63
1111 1110
7319 7318
6187 6186
2934 2933
283 282
2015 2014
3012 3011
182 181
3063 3062
3387 3386
4068 4067
5375 5374
8152 8151
4171 4170
3439 3438
3633 3632
4919 4918
6095 6094
2512 2511
3558 3557
4417 4416
1171 1170
1013 1012
4720 4719
5802 5801
8617 8616
6851 6850
1400 1399
6147 6146
6576 6575
4466 4465
2490 2489
5106 5105
6786 6785
8197 8196
8211 8210
3103 3102
6355 6354
3621 3620
1575 1574
8960 8959
3891 3890
4461 4460
7955 7954
8581 8580
8509 8508
971 970
1368 1367
3724 3723
3381 3380
2258 2257
7985 7984
765 764
6646 6645
4112 4111
5356 5355
1298 1297
5433 5432
6108 6107
8751 8750
5045 5044
6919 6918
52 51
6840 6839
310 309
842 841
825 824
9518 9517
2835 2834
8700 8699
5162 5161
8247 8246
5823 5822
2181 2180
553 552
9523 9522
8615 8614
6913 6912
3538 3537
6983 6982
1393 1392
6864 6863
1392 1391
9749 9748
6503 6502
4497 4496
2367 2366
4306 4305
6956 6955
4667 4666
6337 6336
5417 5416
5166 5165
4299 4298
2563 2562
3955 3954
6334 6333
3940 3939
8230 8229
2105 2104
7193 7192
1942 1941
9810 9809
1661 1660
8896 8895
2185 2184
3206 3205
9982 9981
8844 8843
2300 2299
9618 9617
9582 9581
4005 4004
3898 3897
4534 4533
2390 2389
4881 4880
1659 1658
3547 3546
8146 8145
6317 6316
4823 4822
3989 3988
6409 6408
1701 1700
7252 7251
6908 6907
5669 5668
4556 4555
2070 2069
431 430
9103 9102
203 202
8319 8318
5414 5413
5212 5211
41 40
6111 6110
5128 5127
5188 5187
8662 8661
3982 3981
1094 1093
2298 2297
2103 2102
4129 4128
6406 6405
5766 5765
3907 3906
539 538
8367 8366
8218 8217
9657 9656
8815 8814
5613 5612
3866 3865
8003 8002
1664 1663
3957 3956
532 531
8741 8740
5979 5978
877 876
9505 9504
2745 2744
4295 4294
986 985
2382 2381
8344 8343
3931 3930
4012 4011
4857 4856
7541 7540
4077 4076
4833 4832
1940 1939
5213 5212
3874 3873
3438 3437
1944 1943
2218 2217
6279 6278
1553 1552
930 929
8470 8469
7116 7115
8559 8558
4957 4956
5532 5531
6744 6743
9854 9853
3794 3793
1439 1438
4487 4486
9517 9516
6719 6718
8056 8055
9832 9831
7336 7335
3551 3550
6073 6072
5725 5724
4240 4239
1928 1927
9179 9178
9551 9550
4669 4668
5535 5534
5947 5946
99 98
7027 7026
7567 7566
2186 2185
8116 8115
6324 6323
32 31
8828 8827
8417 8416
3251 3250
6949 6948
7441 7440
2130 2129
1542 1541
7543 7542
813 812
4681 4680
1418 1417
9452 9451
7417 7416
4519 4518
5579 5578
9509 9508
8609 8608
8551 8550
2089 2088
2454 2453
4785 4784
4075 4074
7409 7408
8098 8097
7266 7265
7936 7935
928 927
8799 8798
4477 4476
1147 1146
565 564
9053 9052
611 610
3855 3854
6121 6120
5217 5216
5568 5567
6655 6654
1214 1213
9402 9401
9954 9953
7641 7640
8623 8622
6494 6493
9531 9530
8353 8352
9821 9820
1261 1260
2272 2271
9417 9416
9411 9410
1682 1681
5793 5792
1113 1112
6181 6180
8442 8441
7768 7767
9767 9766
7196 7195
9468 9467
2188 2187
6173 6172
829 828
5546 5545
5290 5289
4747 4746
1662 1661
4709 4708
2839 2838
3727 3726
2493 2492
2915 2914
7542 7541
8724 8723
8022 8021
716 715
3578 3577
7861 7860
2642 2641
1433 1432
4278 4277
480 479
2143 2142
3321 3320
7013 7012
529 528
1159 1158
4309 4308
187 186
6099 6098
9676 9675
7155 7154
5533 5532
2518 2517
8527 8526
1728 1727
7380 7379
9911 9910
9961 9960
8100 8099
149 148
8924 8923
7854 7853
8938 8937
2579 2578
7669 7668
1549 1548
1912 1911
7881 7880
5304 5303
2072 2071
494 493
252 251
1750 1749
9395 9394
3901 3900
15 14
2532 2531
6589 6588
6480 6479
8004 8003
4672 4671
8256 8255
4414 4413
9713 9712
9550 9549
1887 1886
366 365
6790 6789
1404 1403
8080 8079
374 373
4150 4149
2292 2291
2627 2626
9516 9515
7838 7837
6028 6027
4566 4565
9281 9280
6763 6762
3255 3254
7559 7558
7721 7720
6729 6728
5735 5734
440 439
1755 1754
1543 1542
5064 5063
6280 6279
4326 4325
2973 2972
1641 1640
9044 9043
9414 9413
860 859
483 482
5752 5751
8578 8577
5761 5760
862 861
9586 9585
7787 7786
5461 5460
6043 6042
6988 6987
5849 5848
4899 4898
748 747
5662 5661
2988 2987
1057 1056
8606 8605
2673 2672
9724 9723
418 417
1338 1337
826 825
5754 5753
8733 8732
5930 5929
382 381
9036 9035
5742 5741
1588 1587
9649 9648
9263 9262
241 240
6050 6049
7766 7765
2368 2367
1426 1425
8381 8380
1362 1361
9350 9349
5190 5189
948 947
2953 2952
8549 8548
1388 1387
1450 1449
670 669
2296 2295
6810 6809
1786 1785
3996 3995
3420 3419
1244 1243
6203 6202
2101 2100
4262 4261
6578 6577
3990 3989
8806 8805
1036 1035
1861 1860
9073 9072
7839 7838
517 516
2350 2349
7964 7963
1668 1667
6193 6192
751 750
6711 6710
3938 3937
7707 7706
8616 8615
9139 9138
5852 5851
3082 3081
9828 9827
2277 2276
8419 8418
3860 3859
9841 9840
7863 7862
3195 3194
7414 7413
5026 5025
3260 3259
7111 7110
5405 5404
8671 8670
8586 8585
375 374
5808 5807
9332 9331
7095 7094
1511 1510
6619 6618
7744 7743
530 529
8159 8158
8887 8886
3513 3512
5183 5182
9416 9415
5765 5764
4236 4235
8322 8321
8063 8062
7531 7530
9421 9420
7332 7331
2196 2195
510 509
958 957
7508 7507
4268 4267
3215 3214
3995 3994
3466 3465
5362 5361
9624 9623
6022 6021
1039 1038
595 594
7974 7973
8576 8575
2007 2006
6876 6875
7315 7314
3316 3315
6643 6642
5717 5716
8072 8071
5767 5766
9825 9824
8331 8330
7007 7006
6436 6435
4981 4980
5963 5962
2077 2076
8041 8040
7320 7319
5901 5900
2376 2375
6766 6765
7565 7564
9077 9076
5390 5389
7204 7203
9543 9542
7363 7362
4310 4309
224 223
5291 5290
9451 9450
5112 5111
2571 2570
7655 7654
2980 2979
3878 3877
5589 5588
2064 2063
9557 9556
4966 4965
8943 8942
4698 4697
7412 7411
7230 7229
3810 3809
6761 6760
9214 9213
3797 3796
5392 5391
3456 3455
69 68
2311 2310
6754 6753
4568 4567
1514 1513
114 113
3290 3289
2381 2380
4633 4632
7933 7932
9822 9821
4875 4874
7813 7812
4922 4921
9471 9470
6393 6392
3194 3193
5409 5408
3656 3655
2678 2677
9887 9886
9599 9598
2810 2809
4435 4434
1658 1657
8783 8782
666 665
6089 6088
9788 9787
2305 2304
5685 5684
2655 2654
8967 8966
5842 5841
6682 6681
5680 5679
9054 9053
8520 8519
1998 1997
1503 1502
5036 5035
2370 2369
8271 8270
3070 3069
7866 7865
824 823
5860 5859
4073 4072
3314 3313
3414 3413
3986 3985
7636 7635
7757 7756
815 814
5592 5591
4573 4572
389 388
5518 5517
4328 4327
5215 5214
6927 6926
6220 6219
4294 4293
2981 2980
4643 4642
979 978
3653 3652
7802 7801
3585 3584
5243 5242
609 608
6272 6271
3903 3902
8008 8007
8333 8332
4854 4853
8307 8306
6113 6112
4355 4354
3486 3485
6639 6638
9570 9569
4511 4510
5432 5431
2002 2001
7638 7637
9083 9082
2335 2334
7068 7067
8302 8301
6351 6350
8033 8032
4277 4276
6405 6404
9958 9957
1093 1092
4625 4624
6533 6532
4696 4695
3528 3527
2528 2527
5630 5629
7269 7268
3882 3881
1096 1095
3768 3767
4049 4048
7144 7143
8871 8870
5909 5908
4476 4475
4594 4593
249 248
7991 7990
2960 2959
1270 1269
2873 2872
6760 6759
561 560
3280 3279
4756 4755
5744 5743
8687 8686
2048 2047
4463 4462
9689 9688
817 816
7723 7722
1611 1610
5292 5291
2317 2316
6650 6649
9099 9098
6083 6082
6905 6904
6142 6141
6259 6258
5 4
5509 5508
9242 9241
364 363
2714 2713
9906 9905
2978 2977
7229 7228
2726 2725
5116 5115
8103 8102
7523 7522
3732 3731
7427 7426
4598 4597
3295 3294
5504 5503
5776 5775
6815 6814
2801 2800
6416 6415
4788 4787
4619 4618
9817 9816
6391 6390
16 15
4776 4775
9167 9166
4652 4651
8064 8063
7648 7647
8335 8334
3818 3817
1037 1036
5499 5498
2848 2847
4523 4522
9069 9068
6858 6857
108 107
2568 2567
8567 8566
5697 5696
6103 6102
1815 1814
4950 4949
2379 2378
3478 3477
1249 1248
3726 3725
5363 5362
9483 9482
8314 8313
1029 1028
6170 6169
1804 1803
7507 7506
6201 6200
3093 3092
5989 5988
6509 6508
1599 1598
2384 2383
5803 5802
5343 5342
6946 6945
228 227
5729 5728
5150 5149
6765 6764
8305 8304
1941 1940
7275 7274
3755 3754
4758 4757
7571 7570
2172 2171
9312 9311
6921 6920
1730 1729
4965 4964
9528 9527
4224 4223
5900 5899
1547 1546
1303 1302
3635 3634
7625 7624
6846 6845
5731 5730
5285 5284
6403 6402
2491 2490
8484 8483
4438 4437
8136 8135
1679 1678
6349 6348
2006 2005
7780 7779
4792 4791
5856 5855
5037 5036
133 132
1950 1949
1633 1632
9474 9473
5307 5306
2507 2506
3248 3247
2871 2870
9952 9951
3140 3139
7927 7926
9797 9796
5245 5244
3204 3203
6563 6562
2827 2826
3332 3331
6261 6260
9595 9594
6283 6282
3144 3143
1640 1639
6461 6460
9211 9210
8959 8958
2212 2211
4017 4016
7906 7905
6078 6077
5134 5133
770 769
1245 1244
8035 8034
8982 8981
3803 3802
8962 8961
2584 2583
3094 3093
2257 2256
8984 8983
9324 9323
8235 8234
5704 5703
243 242
1518 1517
1759 1758
8276 8275
7322 7321
7459 7458
299 298
8071 8070
9647 9646
7002 7001
2875 2874
9150 9149
5981 5980
4239 4238
4111 4110
6720 6719
9047 9046
7969 7968
521 520
699 698
193 192
5306 5305
8294 8293
1827 1826
6039 6038
2351 2350
6549 6548
4510 4509
4333 4332
8564 8563
1772 1771
6080 6079
1345 1344
3965 3964
2750 2749
8649 8648
9191 9190
6676 6675
8682 8681
9729 9728
9776 9775
9697 9696
3639 3638
8734 8733
6830 6829
9276 9275
5478 5477
2672 2671
4143 4142
5813 5812
2278 2277
2071 2070
3281 3280
2046 2045
7126 7125
7205 7204
1460 1459
7432 7431
7286 7285
8522 8521
1260 1259
3406 3405
3695 3694
3244 3243
8241 8240
496 495
76 75
3630 3629
537 536
1533 1532
6389 6388
4984 4983
1461 1460
3764 3763
7231 7230
7505 7504
7373 7372
771 770
2561 2560
7551 7550
4228 4227
9016 9015
7895 7894
8949 8948
6866 6865
7422 7421
3584 3583
1124 1123
4177 4176
5795 5794
3453 3452
6456 6455
694 693
2764 2763
3976 3975
2683 2682
3149 3148
7103 7102
4106 4105
8416 8415
4911 4910
8819 8818
5336 5335
4048 4047
2854 2853
6016 6015
1880 1879
7500 7499
5163 5162
8765 8764
9852 9851
4864 4863
3647 3646
5465 5464
4742 4741
6928 6927
1040 1039
4562 4561
7247 7246
8074 8073
1085 1084
3171 3170
4799 4798
3798 3797
2544 2543
894 893
7992 7991
7732 7731
1914 1913
2062 2061
2035 2034
8201 8200
9353 9352
3335 3334
792 791
7858 7857
2923 2922
5809 5808
3284 3283
2387 2386
888 887
8774 8773
610 609
7146 7145
9377 9376
6546 6545
2740 2739
5244 5243
6451 6450
2287 2286
4755 4754
9482 9481
2154 2153
2332 2331
5971 5970
1917 1916
4539 4538
6799 6798
2488 2487
1395 1394
3147 3146
4276 4275
4293 4292
7136 7135
9871 9870
7468 7467
4555 4554
9849 9848
7438 7437
5730 5729
4044 4043
1694 1693
547 546
6975 6974
6895 6894
5334 5333
2016 2015
5508 5507
9538 9537
401 400
843 842
6115 6114
153 152
2806 2805
7243 7242
9021 9020
5811 5810
7907 7906
2660 2659
2999 2998
4337 4336
9963 9962
3370 3369
7210 7209
2588 2587
5689 5688
8701 8700
2094 2093
3080 3079
1336 1335
5727 5726
7972 7971
2264 2263
8992 8991
3660 3659
7572 7571
8555 8554
6336 6335
2478 2477
582 581
6685 6684
8002 8001
5380 5379
882 881
5580 5579
5922 5921
9579 9578
5524 5523
2941 2940
5814 5813
4694 4693
4423 4422
2681 2680
5807 5806
8233 8232
4394 4393
6613 6612
4340 4339
4797 4796
4707 4706
6917 6916
5066 5065
2869 2868
3537 3536
2339 2338
5010 5009
6897 6896
3598 3597
3941 3940
7479 7478
9808 9807
6014 6013
6898 6897
8508 8507
3885 3884
5299 5298
1007 1006
8309 8308
1484 1483
926 925
6679 6678
380 379
4436 4435
2819 2818
2982 2981
1878 1877
818 817
9741 9740
9994 9993
5861 5860
9362 9361
7633 7632
3403 3402
8229 8228
2502 2501
8190 8189
87 86
5992 5991
531 530
8352 8351
279 278
1726 1725
6145 6144
3951 3950
2084 2083
3508 3507
4086 4085
3312 3311
1992 1991
6642 6641
2182 2181
313 312
3499 3498
8257 8256
9002 9001
8730 8729
4805 4804
3929 3928
3101 3100
5676 5675
1056 1055
39 38
5018 5017
821 820
1387 1386
3350 3349
3402 3401
5890 5889
1910 1909
5654 5653
6985 6984
8510 8509
743 742
656 655
7058 7057
4074 4073
96 95
6990 6989
333 332
6110 6109
4863 4862
723 722
8652 8651
9075 9074
9035 9034
2126 2125
4754 4753
4616 4615
1277 1276
4418 4417
5462 5461
9274 9273
6327 6326
3589 3588
692 691
5281 5280
3689 3688
2293 2292
7375 7374
7288 7287
6853 6852
6875 6874
4964 4963
7158 7157
1781 1780
8664 8663
4789 4788
7169 7168
7442 7441
8087 8086
619 618
9149 9148
8604 8603
4339 4338
9413 9412
1812 1811
7589 7588
7664 7663
5310 5309
3497 3496
2353 2352
9484 9483
3613 3612
3544 3543
317 316
3959 3958
7775 7774
3065 3064
6668 6667
3519 3518
6740 6739
3655 3654
908 907
6450 6449
3871 3870
6006 6005
3353 3352
7081 7080
9382 9381
1958 1957
478 477
6000 5999
5622 5621
5029 5028
7524 7523
3923 3922
3393 3392
2524 2523
7975 7974
5408 5407
6511 6510
9169 9168
1976 1975
3895 3894
2983 2982
1843 1842
5855 5854
4121 4120
6574 6573
4634 4633
4057 4056
9113 9112
5477 5476
2787 2786
2284 2283
177 176
8524 8523
2826 2825
4252 4251
174 173
7597 7596
7616 7615
2844 2843
2756 2755
3371 3370
6780 6779
2728 2727
1571 1570
9850 9849
8154 8153
1888 1887
8296 8295
6544 6543
4037 4036
4108 4107
1348 1347
3686 3685
6356 6355
2307 2306
5567 5566
6167 6166
6477 6476
5871 5870
6862 6861
808 807
4705 4704
7023 7022
150 149
3840 3839
6630 6629
5749 5748
4522 4521
6624 6623
9472 9471
1548 1547
628 627
1907 1906
7576 7575
3447 3446
6421 6420
4201 4200
3800 3799
8588 8587
3410 3409
6524 6523
9306 9305
1898 1897
6321 6320
8491 8490
7306 7305
9524 9523
9443 9442
6714 6713
1278 1277
8897 8896
8361 8360
3296 3295
800 799
1619 1618
1193 1192
789 788
245 244
4126 4125
8780 8779
677 676
4056 4055
4314 4313
3963 3962
5799 5798
4866 4865
2480 2479
3720 3719
909 908
5864 5863
7774 7773
5096 5095
1737 1736
9796 9795
5641 5640
7748 7747
5402 5401
7831 7830
2312 2311
9830 9829
6933 6932
3788 3787
3151 3150
4606 4605
8458 8457
7171 7170
2116 2115
4145 4144
5119 5118
6772 6771
173 172
3814 3813
5919 5918
3479 3478
740 739
6508 6507
1609 1608
9024 9023
9042 9041
5145 5144
8961 8960
5626 5625
3135 3134
2599 2598
1205 1204
8556 8555
7258 7257
6219 6218
2392 2391
7994 7993
2503 2502
4203 4202
7034 7033
7844 7843
9261 9260
8886 8885
7197 7196
2656 2655
852 851
8869 8868
5312 5311
4795 4794
3657 3656
8659 8658
7760 7759
2334 2333
7761 7760
1566 1565
7357 7356
2558 2557
578 577
4327 4326
6878 6877
9751 9750
2676 2675
250 249
5538 5537
805 804
5397 5396
5869 5868
5934 5933
4722 4721
702 701
4031 4030
6710 6709
4066 4065
6156 6155
9185 9184
9105 9104
470 469
8543 8542
6148 6147
9375 9374
7407 7406
1704 1703
4735 4734
2411 2410
2497 2496
7428 7427
9910 9909
2396 2395
4938 4937
2500 2499
4427 4426
142 141
6941 6940
7347 7346
5097 5096
7711 7710
901 900
2031 2030
6784 6783
2882 2881
6796 6795
9738 9737
7416 7415
9341 9340
7587 7586
9672 9671
6827 6826
1613 1612
1299 1298
2452 2451
3001 3000
3338 3337
7624 7623
5576 5575
3545 3544
9461 9460
3667 3666
1724 1723
588 587
1565 1564
1860 1859
9720 9719
3352 3351
3003 3002
9132 9131
706 705
9881 9880
1301 1300
5501 5500
7771 7770
5573 5572
2918 2917
6306 6305
379 378
172 171
6365 6364
6896 6895
9984 9983
5259 5258
1648 1647
727 726
8083 8082
4741 4740
131 130
4229 4228
9318 9317
3172 3171
1221 1220
7019 7018
9743 9742
62 61
6242 6241
6019 6018
6215 6214
5017 5016
7053 7052
6823 6822
3166 3165
3820 3819
1569 1568
8363 8362
2359 2358
4849 4848
1077 1076
5650 5649
2447 2446
785 784
8206 8205
5898 5897
190 189
5609 5608
467 466
3078 3077
7502 7501
579 578
9969 9968
7460 7459
6300 6299
2846 2845
7857 7856
8636 8635
3301 3300
5249 5248
7613 7612
4002 4001
3853 3852
3256 3255
339 338
5373 5372
5009 5008
1922 1921
4592 4591
1629 1628
657 656
1784 1783
9137 9136
6168 6167
1731 1730
4925 4924
3348 3347
4480 4479
253 252
3423 3422
9454 9453
7424 7423
6284 6283
6256 6255
1213 1212
3868 3867
7086 7085
9544 9543
1600 1599
8324 8323
4100 4099
3839 3838
6077 6076
5472 5471
3789 3788
8811 8810
9831 9830
2519 2518
5714 5713
5828 5827
8165 8164
2131 2130
6350 6349
3016 3015
6335 6334
835 834
4994 4993
4465 4464
9314 9313
4558 4557
7904 7903
551 550
8790 8789
8280 8279
3124 3123
368 367
7281 7280
5261 5260
1753 1752
6141 6140
2743 2742
8744 8743
3582 3581
9259 9258
2569 2568
8450 8449
4848 4847
5330 5329
7939 7938
8598 8597
627 626
563 562
6445 6444
1769 1768
147 146
5200 5199
3936 3935
50 49
111 110
5196 5195
3648 3647
3992 3991
7443 7442
4706 4705
2552 2551
9146 9145
4303 4302
7795 7794
391 390
5715 5714
6423 6422
2386 2385
8019 8018
4575 4574
9385 9384
1723 1722
8761 8760
7568 7567
3011 3010
3376 3375
4282 4281
1472 1471
1467 1466
8487 8486
2026 2025
4909 4908
1003 1002
4486 4485
7759 7758
5460 5459
9806 9805
1708 1707
4690 4689
3224 3223
2034 2033
2183 2182
1596 1595
962 961
695 694
5597 5596
6289 6288
6466 6465
5456 5455
9823 9822
725 724
5378 5377
3226 3225
4076 4075
8795 8794
8574 8573
7962 7961
6132 6131
1445 1444
7386 7385
9431 9430
791 790
5601 5600
3819 3818
3237 3236
9317 9316
6034 6033
4935 4934
4158 4157
3475 3474
420 419
3473 3472
8468 8467
5395 5394
7165 7164
7257 7256
7588 7587
7905 7904
8745 8744
4312 4311
6455 6454
5863 5862
2328 2327
1545 1544
3020 3019
7897 7896
621 620
6223 6222
2716 2715
2546 2545
7688 7687
6971 6970
3139 3138
6568 6567
2256 2255
1035 1034
8613 8612
4601 4600
524 523
3554 3553
218 217
235 234
5438 5437
6179 6178
6200 6199
1749 1748
6852 6851
2461 2460
1407 1406
7932 7931
1419 1418
7722 7721
5178 5177
2592 2591
2514 2513
5763 5762
9347 9346
915 914
5007 5006
6837 6836
1591 1590
5329 5328
7374 7373
7966 7965
1375 1374
20 19
6074 6073
4361 4360
4565 4564
7200 7199
3364 3363
2087 2086
1626 1625
6514 6513
2572 2571
5701 5700
2295 2294
9522 9521
9304 9303
8833 8832
2145 2144
97 96
5324 5323
9145 9144
7293 7292
8045 8044
3200 3199
7663 7662
8073 8072
2441 2440
30 29
4205 4204
9163 9162
8686 8685
9631 9630
3495 3494
3368 3367
1946 1945
9296 9295
3914 3913
6779 6778
8258 8257
639 638
2291 2290
7297 7296
5777 5776
3707 3706
6394 6393
6062 6061
9642 9641
7916 7915
2742 2741
6994 6993
4092 4091
5421 5420
3697 3696
5014 5013
6981 6980
5254 5253
4014 4013
3221 3220
2850 2849
7050 7049
4131 4130
7189 7188
5008 5007
1060 1059
5683 5682
4300 4299
9331 9330
6136 6135
5564 5563
1200 1199
4007 4006
3700 3699
4296 4295
8284 8283
1223 1222
5157 5156
3035 3034
1350 1349
474 473
9824 9823
95 94
3972 3971
7515 7514
5639 5638
1936 1935
8150 8149
2238 2237
7658 7657
1084 1083
2282 2281
3804 3803
2468 2467
307 306
6698 6697
4618 4617
5172 5171
4023 4022
4290 4289
4029 4028
4960 4959
7740 7739
5537 5536
7030 7029
8420 8419
4851 4850
4390 4389
9230 9229
4794 4793
760 759
3641 3640
3058 3057
9813 9812
9684 9683
7461 7460
3474 3473
1000 999
3337 3336
222 221
5452 5451
1115 1114
79 78
7415 7414
9121 9120
424 423
9198 9197
9442 9441
6768 6767
2009 2008
6863 6862
9032 9031
3756 3755
9512 9511
1320 1319
3249 3248
2107 2106
2262 2261
7557 7556
8725 8724
5132 5131
4898 4897
1492 1491
9868 9867
6250 6249
1109 1108
4499 4498
3091 3090
8706 8705
7556 7555
4083 4082
599 598
3427 3426
4781 4780
8030 8029
3220 3219
9580 9579
9630 9629
1643 1642
1481 1480
1918 1917
5490 5489
4172 4171
9015 9014
3857 3856
5209 5208
7041 7040
8723 8722
7804 7803
3155 3154
5851 5850
4245 4244
6995 6994
6229 6228
3120 3119
7327 7326
7849 7848
6395 6394
7646 7645
6954 6953
8942 8941
1196 1195
8628 8627
3763 3762
990 989
6838 6837
331 330
9588 9587
2823 2822
9643 9642
3845 3844
3869 3868
9102 9101
5758 5757
9737 9736
2849 2848
6130 6129
6522 6521
9844 9843
9383 9382
1471 1470
4359 4358
3612 3611
2192 2191
2964 2963
3214 3213
5822 5821
4064 4063
56 55
5001 5000
2768 2767
3561 3560
6812 6811
9386 9385
956 955
450 449
5214 5213
8014 8013
5280 5279
876 875
2603 2602
2733 2732
7874 7873
5831 5830
5136 5135
1070 1069
8326 8325
4363 4362
5372 5371
6835 6834
6399 6398
6129 6128
3659 3658
2354 2353
1652 1651
2589 2588
879 878
8916 8915
6155 6154
5615 5614
5247 5246
9147 9146
5089 5088
9246 9245
1436 1435
7272 7271
1517 1516
7692 7691
9521 9520
5545 5544
5270 5269
8521 8520
4398 4397
9840 9839
3678 3677
2041 2040
6555 6554
300 299
7063 7062
7052 7051
6134 6133
1852 1851
9340 9339
7750 7749
5367 5366
4350 4349
8195 8194
2147 2146
7469 7468
9812 9811
1639 1638
9089 9088
2757 2756
4346 4345
3006 3005
7113 7112
585 584
3880 3879
1218 1217
290 289
3190 3189
1512 1511
7982 7981
40 39
2531 2530
5818 5817
5318 5317
535 534
9873 9872
6570 6569
8349 8348
8526 8525
5016 5015
3046 3045
4918 4917
3864 3863
7207 7206
6032 6031
3087 3086
466 465
4930 4929
3042 3041
471 470
3681 3680
3925 3924
5394 5393
4388 4387
6438 6437
1174 1173
8186 8185
2004 2003
5138 5137
1067 1066
1046 1045
5526 5525
9761 9760
1173 1172
848 847
7379 7378
2919 2918
1417 1416
776 775
1342 1341
7249 7248
4071 4070
1703 1702
5130 5129
6957 6956
9639 9638
4753 4752
5305 5304
7627 7626
4973 4972
220 219
3442 3441
8573 8572
367 366
7151 7150
5543 5542
3247 3246
8995 8994
9307 9306
4567 4566
1996 1995
383 382
3549 3548
3680 3679
4891 4890
3571 3570
7925 7924
8939 8938
5637 5636
1971 1970
5737 5736
2767 2766
9805 9804
139 138
3652 3651
239 238
7410 7409
9907 9906
3088 3087
8472 8471
1297 1296
4641 4640
2449 2448
4695 4694
3825 3824
679 678
5964 5963
5634 5633
8921 8920
6191 6190
5176 5175
6007 6006
4194 4193
3616 3615
2038 2037
416 415
5139 5138
2705 2704
9997 9996
8590 8589
964 963
4148 4147
5264 5263
4988 4987
2565 2564
3823 3822
858 857
1911 1910
4330 4329
4985 4984
2125 2124
8397 8396
1504 1503
2872 2871
1959 1958
2574 2573
6566 6565
6664 6663
3205 3204
7930 7929
6244 6243
2653 2652
1846 1845
9940 9939
335 334
3645 3644
9114 9113
63 62
576 575
9446 9445
4459 4458
9184 9183
7868 7867
5649 5648
6871 6870
6163 6162
6860 6859
1582 1581
9410 9409
7387 7386
3038 3037
6828 6827
2333 2332
254 253
7988 7987
6606 6605
6051 6050
9258 9257
1156 1155
7142 7141
170 169
7519 7518
7926 7925
7549 7548
9876 9875
8585 8584
1757 1756
2414 2413
854 853
7026 7025
2271 2270
7085 7084
7818 7817
8941 8940
1089 1088
7245 7244
7528 7527
645 644
4533 4532
7853 7852
8474 8473
464 463
1480 1479
2408 2407
9400 9399
2128 2127
1409 1408
1538 1537
7958 7957
5241 5240
6785 6784
7291 7290
9467 9466
6059 6058
2644 2643
1927 1926
3776 3775
3064 3063
5751 5750
7674 7673
6974 6973
6940 6939
1328 1327
263 262
1210 1209
2108 2107
8970 8969
1597 1596
5651 5650
5619 5618
6241 6240
3382 3381
2777 2776
9744 9743
2903 2902
993 992
9661 9660
7876 7875
755 754
1587 1586
5098 5097
536 535
9490 9489
5353 5352
1735 1734
5030 5029
3713 3712
973 972
6632 6631
1397 1396
5104 5103
4646 4645
992 991
4232 4231
1284 1283
4280 4279
9022 9021
9660 9659
2206 2205
8715 8714
8401 8400
4809 4808
6929 6928
5740 5739
4719 4718
3480 3479
7756 7755
8286 8285
2148 2147
1509 1508
5069 5068
4726 4725
3970 3969
3062 3061
8917 8916
8743 8742
8342 8341
3994 3993
6989 6988
4120 4119
5973 5972
1496 1495
4003 4002
3130 3129
7317 7316
8842 8841
8327 8326
2754 2753
3488 3487
5170 5169
9957 9956
7827 7826
6782 6781
8113 8112
1006 1005
1762 1761
7274 7273
8759 8758
7298 7297
3815 3814
967 966
4542 4541
6441 6440
6536 6535
5283 5282
849 848
4478 4477
749 748
3919 3918
8032 8031
110 109
9956 9955
1714 1713
5074 5073
897 896
9333 9332
9839 9838
5371 5370
2889 2888
722 721
9623 9622
482 481
2225 2224
3021 3020
2133 2132
9917 9916
4844 4843
3313 3312
8101 8100
7709 7708
1435 1434
720 719
6430 6429
3083 3082
1683 1682
3785 3784
7391 7390
833 832
3780 3779
6637 6636
1697 1696
5055 5054
2 1
6189 6188
7185 7184
8877 8876
1242 1241
3434 3433
9108 9107
7079 7078
7123 7122
3709 3708
830 829
4113 4112
746 745
5897 5896
3266 3265
3636 3635
3553 3552
6397 6396
109 108
8950 8949
7945 7944
7781 7780
8698 8697
7120 7119
9545 9544
1851 1850
9029 9028
4665 4664
428 427
2301 2300
1334 1333
9243 9242
2363 2362
8023 8022
8329 8328
9654 9653
5328 5327
7069 7068
6770 6769
3469 3468
2380 2379
1954 1953
8435 8434
8688 8687
1165 1164
8861 8860
6968 6967
7055 7054
7552 7551
870 869
9208 9207
9937 9936
1437 1436
2323 2322
4723 4722
8778 8777
711 710
4876 4875
1023 1022
2817 2816
8691 8690
6123 6122
393 392
5376 5375
7453 7452
801 800
7518 7517
1022 1021
763 762
6891 6890
8269 8268
1390 1389
5071 5070
9562 9561
9354 9353
638 637
3610 3609
9978 9977
9819 9818
8889 8888
1455 1454
2696 2695
9045 9044
2630 2629
1718 1717
7979 7978
2410 2409
7211 7210
1179 1178
2042 2041
392 391
4501 4500
4685 4684
3935 3934
8179 8178
550 549
4906 4905
5699 5698
5327 5326
1391 1390
4050 4049
6822 6821
6987 6986
9289 9288
7791 7790
7176 7175
9321 9320
3252 3251
651 650
8076 8075
1947 1946
3107 3106
2306 2305
7676 7675
6767 6766
6343 6342
357 356
2159 2158
1763 1762
7478 7477
7583 7582
4036 4035
9373 9372
4637 4636
3272 3271
6737 6736
1157 1156
9217 9216
4624 4623
2566 2565
2001 2000
5352 5351
5129 5128
9875 9874
2319 2318
1230 1229
1685 1684
4446 4445
1025 1024
484 483
5614 5613
1774 1773
3781 3780
4819 4818
7977 7976
7294 7293
7695 7694
640 639
6053 6052
1366 1365
1665 1664
8709 8708
1603 1602
8288 8287
762 761
4426 4425
6855 6854
4658 4657
7289 7288
8580 8579
3430 3429
797 796
4579 4578
6674 6673
2198 2197
2308 2307
1884 1883
8667 8666
8221 8220
6598 6597
4750 4749
6470 6469
1830 1829
291 290
9707 9706
292 291
146 145
9372 9371
5114 5113
5505 5504
3509 3508
676 675
7202 7201
8750 8749
2646 2645
9286 9285
7328 7327
8128 8127
9352 9351
3283 3282
9049 9048
1982 1981
3759 3758
8411 8410
4623 4622
3581 3580
4870 4869
840 839
4599 4598
6329 6328
5406 5405
5908 5907
4187 4186
8372 8371
4815 4814
5374 5373
130 129
5282 5281
2445 2444
5268 5267
6969 6968
4338 4337
8947 8946
1424 1423
4783 4782
9017 9016
1820 1819
2632 2631
4693 4692
2302 2301
7384 7383
4181 4180
4040 4039
116 115
191 190
6085 6084
7728 7727
2440 2439
5403 5402
7811 7810
2853 2852
3865 3864
4506 4505
2164 2163
3854 3853
9636 9635
2389 2388
4055 4054
5936 5935
6742 6741
7324 7323
4934 4933
7910 7909
9754 9753
9199 9198
4471 4470
7889 7888
1034 1033
4159 4158
4524 4523
8693 8692
999 998
6580 6579
8457 8456
8050 8049
8025 8024
4202 4201
154 153
7256 7255
9695 9694
7990 7989
8867 8866
151 150
9740 9739
3511 3510
6338 6337
4019 4018
9048 9047
5542 5541
2922 2921
9792 9791
2770 2769
4428 4427
6273 6272
33 32
9143 9142
8493 8492
7212 7211
528 527
6481 6480
6238 6237
6183 6182
9499 9498
9405 9404
115 114
9699 9698
8566 8565
3019 3018
6751 6750
8240 8239
8633 8632
8380 8379
2104 2103
2725 2724
6564 6563
9436 9435
5943 5942
9140 9139
1794 1793
2755 2754
58 57
4412 4411
3579 3578
2025 2024
4042 4041
7182 7181
1487 1486
1913 1912
7036 7035
9621 9620
8920 8919
652 651
7148 7147
5449 5448
5057 5056
4311 4310
7180 7179
3587 3586
5660 5659
5046 5045
4163 4162
3969 3968
6467 6466
3649 3648
1699 1698
7295 7294
4097 4096
9593 9592
6081 6080
5551 5550
7666 7665
7989 7988
4356 4355
3778 3777
1874 1873
125 124
2150 2149
5031 5030
398 397
6980 6979
4380 4379
6264 6263
3289 3288
4943 4942
8114 8113
9976 9975
7047 7046
1415 1414
4540 4539
4022 4021
4990 4989
8843 8842
6464 6463
2122 2121
1660 1659
6609 6608
8496 8495
8837 8836
7885 7884
7105 7104
9063 9062
3805 3804
7491 7490
9444 9443
637 636
2662 2661
1719 1718
714 713
6297 6296
3933 3932
4868 4867
9116 9115
816 815
6093 6092
1222 1221
7164 7163
5670 5669
5904 5903
2229 2228
9065 9064
2691 2690
1516 1515
9155 9154
9213 9212
4532 4531
8703 8702
9076 9075
3731 3730
1413 1412
3328 3327
9914 9913
9434 9433
7376 7375
363 362
1199 1198
2109 2108
4307 4306
7121 7120
8808 8807
8532 8531
5905 5904
3319 3318
9131 9130
9423 9422
1743 1742
4331 4330
2529 2528
260 259
9667 9666
9262 9261
6982 6981
1176 1175
3916 3915
13 12
9176 9175
4274 4273
3879 3878
8760 8759
3482 3481
9408 9407
1347 1346
4739 4738
1325 1324
6762 6761
4869 4868
28 27
2399 2398
5916 5915
1961 1960
3747 3746
6011 6010
1985 1984
9174 9173
1162 1161
6260 6259
2044 2043
5552 5551
5278 5277
4155 4154
3123 3122
6048 6047
3467 3466
4749 4748
5954 5953
2940 2939
7104 7103
6382 6381
586 585
7439 7438
2394 2393
4648 4647
1188 1187
7660 7659
6867 6866
2492 2491
2769 2768
5466 5465
5516 5515
6315 6314
4828 4827
1858 1857
5370 5369
3326 3325
2606 2605
156 155
7622 7621
1068 1067
6736 6735
2510 2509
4206 4205
2866 2865
2760 2759
1779 1778
270 269
538 537
8525 8524
3817 3816
5168 5167
4561 4560
5806 5805
5927 5926
5182 5181
7803 7802
8421 8420
980 979
8111 8110
7984 7983
3506 3505
1544 1543
9965 9964
7168 7167
3344 3343
2604 2603
9422 9421
9967 9966
6553 6552
1489 1488
7426 7425
8562 8561
8769 8768
9348 9347
1671 1670
6686 6685
2377 2376
4046 4045
4837 4836
4804 4803
604 603
2397 2396
3806 3805
4045 4044
5652 5651
617 616
4218 4217
6791 6790
4774 4773
7140 7139
2169 2168
3960 3959
2900 2899
1272 1271
4904 4903
3910 3909
9399 9398
3870 3869
5383 5382
940 939
2758 2757
4288 4287
6615 6614
2666 2665
9097 9096
4 3
2270 2269
227 226
7471 7470
7238 7237
4123 4122
6614 6613
1282 1281
516 515
713 712
1767 1766
8977 8976
2211 2210
6339 6338
9772 9771
8895 8894
5369 5368
2088 2087
6603 6602
3391 3390
3323 3322
273 272
2024 2023
4976 4975
329 328
371 370
4220 4219
7941 7940
1018 1017
9935 9934
4712 4711
7882 7881
3211 3210
7593 7592
8292 8291
3421 3420
1114 1113
44 43
4198 4197
9902 9901
2314 2313
2450 2449
157 156
6596 6595
6274 6273
6960 6959
8922 8921
5895 5894
6176 6175
8376 8375
4411 4410
4400 4399
8295 8294
6437 6436
900 899
6025 6024
269 268
3939 3938
262 261
5794 5793
9481 9480
8006 8005
923 922
2562 2561
1190 1189
5273 5272
5682 5681
4210 4209
6813 6812
7366 7365
8042 8041
4490 4489
5203 5202
7470 7469
7411 7410
4885 4884
525 524
5146 5145
3852 3851
2735 2734
9278 9277
2018 2017
8217 8216
5087 5086
7896 7895
7913 7912
4265 4264
9164 9163
5705 5704
8158 8157
8175 8174
1620 1619
6417 6416
4481 4480
8065 8064
3858 3857
6591 6590
9133 9132
8735 8734
2247 2246
9356 9355
267 266
2022 2021
2619 2618
5389 5388
7372 7371
2677 2676
3154 3153
1229 1228
3485 3484
8490 8489
3015 3014
4325 4324
8448 8447
7681 7680
8339 8338
1398 1397
9659 9658
1675 1674
9920 9919
8954 8953
5940 5939
7651 7650
4653 4652
1110 1109
1916 1915
7511 7510
1678 1677
4146 4145
8140 8139
7599 7598
1106 1105
7545 7544
1274 1273
6963 6962
6322 6321
709 708
2708 2707
917 916
3277 3276
1438 1437
7677 7676
9264 9263
372 371
6197 6196
5675 5674
2590 2589
1416 1415
9011 9010
7865 7864
4157 4156
996 995
5034 5033
9267 9266
2166 2165
8285 8284
4888 4887
438 437
5596 5595
1082 1081
3365 3364
7642 7641
9933 9932
4207 4206
710 709
3634 3633
9287 9286
9493 9492
2613 2612
8432 8431
3396 3395
3623 3622
7601 7600
3881 3880
9252 9251
1766 1765
5152 5151
8170 8169
8347 8346
7242 7241
6346 6345
4872 4871
6235 6234
88 87
5962 5961
7455 7454
1499 1498
9896 9895
5711 5710
171 170
6353 6352
718 717
8515 8514
4215 4214
2177 2176
5695 5694
2161 2160
6775 6774
8786 8785
4136 4135
5713 5712
3216 3215
7488 7487
8289 8288
2928 2927
2139 2138
3232 3231
9370 9369
74 73
2628 2627
1791 1790
577 576
8589 8588
5784 5783
1980 1979
2781 2780
545 544
3672 3671
794 793
3390 3389
8066 8065
9604 9603
5311 5310
4908 4907
3536 3535
7953 7952
2219 2218
6622 6621
2899 2898
1457 1456
4135 4134
9617 9616
7199 7198
8850 8849
5832 5831
4916 4915
2951 2950
9860 9859
2045 2044
7596 7595
5322 5321
8888 8887
8379 8378
5703 5702
9970 9969
4190 4189
7630 7629
557 556
4237 4236
390 389
2911 2910
7620 7619
7377 7376
8133 8132
3605 3604
3188 3187
4365 4364
2457 2456
6848 6847
3583 3582
8377 8376
6774 6773
6730 6729
7 6
7730 7729
8279 8278
2360 2359
9835 9834
1304 1303
2536 2535
7367 7366
6924 6923
8999 8998
3987 3986
1727 1726
6400 6399
6004 6003
5174 5173
9948 9947
3422 3421
5791 5790
1621 1620
7352 7351
5926 5925
1287 1286
4377 4376
6834 6833
5151 5150
1559 1558
3318 3317
1341 1340
9067 9066
5647 5646
6618 6617
3069 3068
6169 6168
2096 2095
9627 9626
8839 8838
8234 8233
4745 4744
1838 1837
6582 6581
2081 2080
880 879
2717 2716
4564 4563
5445 5444
9807 9806
4353 4352
9753 9752
9655 9654
9313 9312
5223 5222
1220 1219
210 209
5944 5943
8533 8532
396 395
9791 9790
3690 3689
8528 8527
2865 2864
8540 8539
2356 2355
8600 8599
1074 1073
1802 1801
1332 1331
9628 9627
2892 2891
6753 6752
8534 8533
4058 4057
4737 4736
2151 2150
8779 8778
6473 6472
8640 8639
2863 2862
7929 7928
5258 5257
9574 9573
3856 3855
691 690
7830 7829
6783 6782
3106 3105
3100 3099
490 489
4890 4889
9284 9283
5994 5993
6648 6647
8798 8797
3176 3175
7056 7055
7842 7841
7304 7303
9908 9907
4811 4810
5708 5707
1556 1555
3676 3675
649 648
7610 7609
4004 4003
2294 2293
8223 8222
5420 5419
7577 7576
3753 3752
8027 8026
2649 2648
5986 5985
9106 9105
4552 4551
3234 3233
704 703
2304 2303
7445 7444
3943 3942
5440 5439
2223 2222
5693 5692
2160 2159
4070 4069
6887 6886
715 714
6296 6295
3367 3366
6204 6203
7726 7725
487 486
240 239
7888 7887
7718 7717
5643 5642
522 521
3827 3826
4734 4733
2286 2285
6368 6367
6023 6022
6653 6652
3890 3889
4425 4424
3002 3001
3127 3126
285 284
2252 2251
3740 3739
3779 3778
9172 9171
3229 3228
6465 6464
4010 4009
272 271
3202 3201
9614 9613
5724 5723
8461 8460
5872 5871
8415 8414
878 877
8689 8688
100 99
5760 5759
9692 9691
772 771
2772 2771
753 752
658 657
9088 9087
3361 3360
4514 4513
4801 4800
3111 3110
325 324
2937 2936
8238 8237
8242 8241
5443 5442
7149 7148
2086 2085
3593 3592
2134 2133
7689 7688
7921 7920
8097 8096
9694 9693
511 510
4061 4060
7059 7058
6717 6716
3560 3559
7042 7041
2263 2262
6333 6332
6821 6820
8476 8475
6738 6737
7184 7183
6756 6755
3041 3040
2692 2691
8547 8546
3614 3613
6493 6492
8591 8590
5436 5435
6440 6439
7573 7572
7727 7726
2954 2953
2877 2876
2349 2348
7039 7038
1686 1685
8079 8078
4820 4819
1012 1011
6275 6274
2095 2094
9469 9468
1410 1409
4677 4676
8479 8478
2784 2783
8951 8950
9546 9545
3688 3687
575 574
2273 2272
4731 4730
9271 9270
5800 5799
1725 1724
3541 3540
9564 9563
6247 6246
966 965
155 154
1475 1474
7054 7053
9611 9610
2499 2498
3828 3827
1868 1867
4729 4728
8721 8720
1681 1680
460 459
1138 1137
6616 6615
7998 7997
7096 7095
5612 5611
9567 9566
4454 4453
5482 5481
5834 5833
2916 2915
7099 7098
5873 5872
3027 3026
7390 7389
2106 2105
4444 4443
8650 8649
938 937
447 446
3189 3188
9253 9252
3522 3521
8800 8799
7797 7796
3773 3772
8121 8120
2146 2145
2054 2053
2895 2894
7602 7601
1939 1938
6386 6385
4559 4558
616 615
1809 1808
2520 2519
8784 8783
127 126
3822 3821
200 199
8164 8163
9295 9294
5506 5505
6706 6705
8227 8226
5303 5302
7494 7493
1050 1049
4468 4467
3956 3955
3705 3704
2530 2529
6041 6040
7032 7031
301 300
5755 5754
4621 4620
5464 5463
5105 5104
2711 2710
3132 3131
8796 8795
8388 8387
5271 5270
814 813
118 117
2165 2164
9366 9365
8979 8978
236 235
2610 2609
2246 2245
8337 8336
2852 2851
5507 5506
7574 7573
7807 7806
8460 8459
8531 8530
767 766
3404 3403
7753 7752
2785 2784
429 428
6569 6568
7335 7334
5225 5224
1281 1280
2803 2802
1041 1040
7462 7461
2066 2065
2168 2167
7742 7741
7195 7194
9200 9199
3737 3736
9533 9532
5663 5662
6586 6585
1447 1446
7178 7177
5201 5200
2495 2494
6253 6252
855 854
8208 8207
2369 2368
4806 4805
7350 7349
7433 7432
3671 3670
2153 2152
7452 7451
46 45
9931 9930
5202 5201
7325 7324
6433 6432
1314 1313
441 440
703 702
7177 7176
9837 9836
9715 9714
9115 9114
1191 1190
6579 6578
9726 9725
8034 8033
9665 9664
5668 5667
6166 6165
9023 9022
6146 6145
3872 3871
1810 1809
2615 2614
5636 5635
1562 1561
8015 8014
303 302
6328 6327
248 247
922 921
2175 2174
2489 2488
892 891
2407 2406
4884 4883
2979 2978
8991 8990
8475 8474
9900 9899
2118 2117
5495 5494
5721 5720
4948 4947
6376 6375
3045 3044
5719 5718
6490 6489
2132 2131
9799 9798
864 863
2831 2830
8644 8643
2783 2782
4485 4484
6252 6251
5224 5223
8717 8716
7509 7508
9363 9362
7436 7435
57 56
18 17
2337 2336
1848 1847
3203 3202
5379 5378
8466 8465
6177 6176
2798 2797
9456 9455
9930 9929
3734 3733
3347 3346
7894 7893
7135 7134
594 593
9782 9781
8430 8429
9686 9685
7569 7568
7457 7456
5422 5421
662 661
9745 9744
6800 6799
3619 3618
5341 5340
5315 5314
322 321
974 973
3068 3067
2913 2912
5867 5866
6605 6604
9864 9863
3113 3112
8926 8925
5929 5928
1073 1072
9025 9024
2485 2484
5859 5858
4475 4474
4367 4366
4032 4031
6610 6609
9130 9129
3562 3561
8107 8106
3604 3603
3526 3525
8356 8355
2419 2418
9250 9249
861 860
1606 1605
5759 5758
9650 9649
2878 2877
6396 6395
2129 2128
1656 1655
905 904
4673 4672
3767 3766
1592 1591
1187 1186
2243 2242
4442 4441
5455 5454
2596 2595
8814 8813
9487 9486
9755 9754
7938 7937
8398 8397
8596 8595
7206 7205
7353 7352
4316 4315
4549 4548
5902 5901
196 195
8362 8361
1451 1450
2327 2326
6212 6211
7693 7692
6469 6468
3395 3394
9450 9449
314 313
1826 1825
8835 8834
9384 9383
1330 1329
1262 1261
5606 5605
1062 1061
6984 6983
6967 6966
3743 3742
8987 8986
6651 6650
7738 7737
9527 9526
1351 1350
6936 6935
5702 5701
994 993
8424 8423
6178 6177
3701 3700
6697 6696
8894 8893
2998 2997
2463 2462
6449 6448
8930 8929
5559 5558
9563 9562
5075 5074
8990 8989
8444 8443
9725 9724
5826 5825
6285 6284
2663 2662
6218 6217
5077 5076
2073 2072
8017 8016
2962 2961
8824 8823
8144 8143
8595 8594
5492 5491
37 36
803 802
4862 4861
6859 6858
7698 7697
8885 8884
3696 3695
5671 5670
2267 2266
7527 7526
9681 9680
7678 7677
7715 7714
7194 7193
1384 1383
2315 2314
4962 4961
434 433
2347 2346
4675 4674
2618 2617
9732 9731
4980 4979
3703 3702
6411 6410
348 347
1185 1184
8182 8181
4369 4368
23 22
7749 7748
3037 3036
9731 9730
8684 8683
1688 1687
8763 8762
3859 3858
6194 6193
4209 4208
8813 8812
417 416
8575 8574
7544 7543
7383 7382
7497 7496
2908 2907
1154 1153
94 93
6372 6371
9393 9392
5454 5453
5896 5895
769 768
2494 2493
3950 3949
6054 6053
199 198
2176 2175
5110 5109
6977 6976
6638 6637
9470 9469
8665 8664
6561 6560
7935 7934
7368 7367
1269 1268
5080 5079
7898 7897
2959 2958
1634 1633
9343 9342
217 216
3892 3891
5906 5905
2093 2092
4982 4981
4498 4497
515 514
1525 1524
3213 3212
2446 2445
3198 3197
4970 4969
9496 9495
8712 8711
5319 5318
2950 2949
9412 9411
5006 5005
5165 5164
4668 4667
178 177
1601 1600
3085 3084
1033 1032
5915 5914
6769 6768
4448 4447
1016 1015
3185 3184
8898 8897
8463 8462
1119 1118
6513 6512
5827 5826
6803 6802
5611 5610
4430 4429
6695 6694
4689 4688
4440 4439
4871 4870
2330 2329
7098 7097
7534 7533
6539 6538
834 833
9701 9700
4021 4020
1444 1443
7301 7300
6184 6183
5487 5486
1150 1149
4932 4931
1967 1966
4185 4184
4410 4409
2945 2944
7227 7226
6037 6036
4284 4283
6551 6550
4142 4141
8881 8880
2549 2548
8818 8817
4607 4606
8473 8472
9581 9580
1024 1023
4305 4304
3958 3957
8777 8776
8569 8568
2409 2408
2157 2156
1798 1797
2460 2459
4721 4720
544 543
315 314
1290 1289
7686 7685
8340 8339
4873 4872
6915 6914
6472 6471
3644 3643
3357 3356
4413 4412
1178 1177
7401 7400
1951 1950
3208 3207
7800 7799
4221 4220
4027 4026
4578 4577
8049 8048
8043 8042
4657 4656
4341 4340
176 175
3029 3028
9071 9070
3182 3181
6122 6121
3481 3480
7814 7813
8304 8303
8137 8136
8009 8008
984 983
3356 3355
9568 9567
8232 8231
8614 8613
2231 2230
271 270
5691 5690
8948 8947
3918 3917
9560 9559
6232 6231
6523 6522
6922 6921
415 414
6381 6380
1389 1388
6096 6095
7016 7015
781 780
1292 1291
7751 7750
8654 8653
8189 8188
1020 1019
8541 8540
3905 3904
7713 7712
3341 3340
5085 5084
3413 3412
5317 5316
2052 2051
7093 7092
4531 4530
5242 5241
6537 6536
1042 1041
5122 5121
8012 8011
8500 8499
9181 9180
4975 4974
3556 3555
998 997
7124 7123
3651 3650
9938 9937
3575 3574
1491 1490
1550 1549
5171 5170
8149 8148
8439 8438
1674 1673
6119 6118
4840 4839
3594 3593
5181 5180
5388 5387
2749 2748
4217 4216
569 568
9708 9707
8906 8905
8178 8177
6198 6197
3293 3292
6052 6051
124 123
6165 6164
5621 5620
8523 8522
5556 5555
6705 6704
5939 5938
8625 8624
2202 2201
180 179
7805 7804
6792 6791
6228 6227
2836 2835
961 960
779 778
4059 4058
6538 6537
5720 5719
4094 4093
6504 6503
6044 6043
9337 9336
9696 9695
3966 3965
7575 7574
4488 4487
2525 2524
8736 8735
7279 7278
4455 4454
3512 3511
6068 6067
4324 4323
4269 4268
4470 4469
4680 4679
9779 9778
2426 2425
2432 2431
1700 1699
866 865
5192 5191
2274 2273
2700 2699
6547 6546
1989 1988
3115 3114
1495 1494
6931 6930
3077 3076
2214 2213
455 454
5345 5344
5338 5337
3034 3033
546 545
8364 8363
9971 9970
1782 1781
6341 6340
4271 4270
8209 8208
8261 8260
8001 8000
3022 3021
4518 4517
4088 4087
4099 4098
2375 2374
2162 2161
1558 1557
1254 1253
7871 7870
4763 4762
9014 9013
4858 4857
4670 4669
4457 4456
4631 4630
6997 6996
4102 4101
7586 7585
6153 6152
2438 2437
6681 6680
1938 1937
8539 8538
4727 4726
2487 2486
289 288
8263 8262
231 230
7381 7380
4362 4361
3333 3332
5816 5815
507 506
884 883
2498 2497
8251 8250
3317 3316
9609 9608
4831 4830
3710 3709
9429 9428
1968 1967
9698 9697
9539 9538
1835 1834
3944 3943
6457 6456
7172 7171
5678 5677
92 91
717 716
7644 7643
526 525
5511 5510
5184 5183
8029 8028
5801 5800
3588 3587
7841 7840
5880 5879
9615 9614
9449 9448
4596 4595
7580 7579
8695 8694
7064 7063
9218 9217
5497 5496
9979 9978
6938 6937
2027 2026
7127 7126
2761 2760
8020 8019
3235 3234
8299 8298
7161 7160
2874 2873
3267 3266
5894 5893
9613 9612
1706 1705
3018 3017
4357 4356
1929 1928
8252 8251
2598 2597
2992 2991
3964 3963
7947 7946
5706 5705
185 184
7667 7666
4600 4599
631 630
2542 2541
1595 1594
9466 9465
3373 3372
5333 5332
5093 5092
950 949
9986 9985
7075 7074
9406 9405
4829 4828
3193 3192
7812 7811
3057 3056
1817 1816
7823 7822
5480 5479
6049 6048
6526 6525
3345 3344
5788 5787
198 197
1507 1506
4951 4950
6735 6734
2496 2495
6055 6054
10 9
2216 2215
6560 6559
9555 9554
6548 6547
696 695
9945 9944
8044 8043
757 756
6442 6441
4910 4909
3811 3810
9251 9250
4495 4494
7080 7079
8306 8305
2405 2404
5953 5952
8840 8839
6854 6853
9244 9243
3752 3751
4208 4207
7951 7950
4212 4211
2690 2689
3118 3117
3164 3163
9298 9297
5368 5367
7216 7215
6499 6498
2082 2081
2842 2841
3487 3486
7621 7620
1289 1288
9719 9718
3300 3299
5060 5059
9585 9584
1317 1316
8499 8498
5204 5203
9927 9926
8204 8203
6492 6491
7110 7109
9322 9321
3924 3923
4993 4992
7267 7266
8155 8154
8090 8089
3097 3096
8383 8382
1778 1777
9100 9099
721 720
61 60
2680 2679
7950 7949
5996 5995
169 168
5179 5178
1182 1181
2687 2686
9532 9531
4927 4926
5308 5307
6788 6787
2091 2090
5294 5293
412 411
409 408
8495 8494
7175 7174
4491 4490
1687 1686
7911 7910
9890 9889
1902 1901
2299 2298
7385 7384
6020 6019
2879 2878
2885 2884
2731 2730
4830 4829
8016 8015
192 191
4267 4266
7421 7420
3399 3398
213 212
8091 8090
5078 5077
5359 5358
5951 5950
1076 1075
5366 5365
7228 7227
2355 2354
7517 7516
7902 7901
3792 3791
6035 6034
423 422
3028 3027
1130 1129
4883 4882
3501 3500
85 84
9080 9079
6777 6776
2617 2616
1100 1099
8903 8902
766 765
2448 2447
5837 5836
6932 6931
3565 3564
7117 7116
8538 8537
8249 8248
6227 6226
8823 8822
2600 2599
9677 9676
5723 5722
6471 6470
352 351
668 667
3812 3811
2797 2796
1506 1505
5488 5487
2371 2370
9975 9974
3392 3391
1399 1398
4545 4544
1803 1802
3592 3591
2484 2483
5384 5383
358 357
802 801
8874 8873
9858 9857
7513 7512
5521 5520
2279 2278
7561 7560
8389 8388
3049 3048
2573 2572
7629 7628
8157 8156
6672 6671
1266 1265
7406 7405
4536 4535
8880 8879
4585 4584
6149 6148
7496 7495
7004 7003
3187 3186
2623 2622
1801 1800
4999 4998
5503 5502
6497 6496
9031 9030
8797 8796
7995 7994
3952 3951
9060 9059
8391 8390
7912 7911
9361 9360
893 892
3354 3353
2014 2013
4110 4109
268 267
206 205
7170 7169
8139 8138
1142 1141
4493 4492
8481 8480
5447 5446
4482 4481
3993 3992
385 384
2958 2957
1871 1870
6516 6515
4979 4978
9453 9452
8900 8899
3821 3820
3448 3447
226 225
8246 8245
2078 2077
5974 5973
6991 6990
3388 3387
5486 5485
2586 2585
4636 4635
8641 8640
3978 3977
8026 8025
2203 2202
7965 7964
6907 6906
9554 9553
7585 7584
2171 2170
2065 2064
2228 2227
1227 1226
6906 6905
4421 4420
5997 5996
7834 7833
8838 8837
6226 6225
6082 6081
2366 2365
8505 8504
214 213
7833 7832
4743 4742
9716 9715
5210 5209
907 906
6849 6848
6164 6163
232 231
9329 9328
5899 5898
89 88
3389 3388
6182 6181
5194 5193
7077 7076
6973 6972
8860 8859
5349 5348
5949 5948
4302 4301
7065 7064
7482 7481
5875 5874
5633 5632
6621 6620
2759 2758
4654 4653
654 653
2030 2029
4479 4478
4095 4094
129 128
1839 1838
5925 5924
2059 2058
1319 1318
468 467
9459 9458
3787 3786
8516 8515
7860 7859
2580 2579
6910 6909
7492 7491
2051 2050
4376 4375
6069 6068
9096 9095
6996 6995
5876 5875
1312 1311
809 808
1564 1563
479 478
3167 3166
6070 6069
5574 5573
259 258
5410 5409
7138 7137
8498 8497
6601 6600
3417 3416
2232 2231
1066 1065
4570 4569
4969 4968
7628 7627
3531 3530
5631 5630
4921 4920
671 670
8057 8056
4711 4710
9640 9639
7181 7180
1965 1964
9727 9726
6847 6846
9249 9248
72 71
9882 9881
4184 4183
6937 6936
486 485
6966 6965
4728 4727
2254 2253
7388 7387
5998 5997
6805 6804
9637 9636
5753 5752
9742 9741
9803 9802
4072 4071
6993 6992
4787 4786
4249 4248
9951 9950
9041 9040
1953 1952
1837 1836
798 797
9360 9359
8270 8269
741 740
9427 9426
1373 1372
4640 4639
9177 9176
6225 6224
8639 8638
6257 6256
7679 7678
3184 3183
799 798
7983 7982
8267 8266
3191 3190
2963 2962
5221 5220
1293 1292
8219 8218
9204 9203
318 317
7397 7396
6491 6490
6045 6044
2815 2814
8084 8083
9671 9670
5205 5204
5835 5834
2834 2833
3160 3159
1632 1631
8194 8193
1729 1728
2774 2773
620 619
6270 6269
3468 3467
592 591
3450 3449
134 133
8656 8655
622 621
4451 4450
9918 9917
2462 2461
3831 3830
1051 1050
9894 9893
1813 1812
5340 5339
4865 4864
8059 8058
6787 6786
8563 8562
750 749
6612 6611
6925 6924
5741 5740
642 641
8866 8865
4867 4866
9549 9548
8702 8701
5688 5687
2235 2234
1267 1266
81 80
5481 5480
7867 7866
3043 3042
7010 7009
5797 5796
8747 8746
4603 4602
24 23
3044 3043
7796 7795
5040 5039
4101 4100
7673 7672
5314 5313
444 443
3844 3843
4315 4314
2403 2402
5878 5877
7186 7185
403 402
1823 1822
1605 1604
4219 4218
1134 1133
9190 9189
426 425
5604 5603
2194 2193
8511 8510
5237 5236
6909 6908
9904 9903
7101 7100
1818 1817
132 131
7088 7087
6199 6198
4199 4198
7520 7519
7378 7377
6419 6418
7156 7155
9884 9883
6540 6539
7223 7222
8409 8408
7526 7525
4713 4712
9463 9462
7654 7653
1101 1100
3330 3329
6305 6304
5339 5338
6741 6740
7942 7941
6135 6134
9488 9487
2434 2433
9157 9156
2955 2954
2814 2813
1265 1264
562 561
3464 3463
5428 5427
3150 3149
7444 7443
3973 3972
1335 1334
4508 4507
3500 3499
9898 9897
1765 1764
8445 8444
9151 9150
6923 6922
6157 6156
1356 1355
4953 4952
1055 1054
503 502
7464 7463
2137 2136
6010 6009
3470 3469
688 687
5610 5609
600 599
223 222
1771 1770
8037 8036
4967 4966
7408 7407
4392 4391
1770 1769
5143 5142
632 631
6104 6103
8830 8829
8036 8035
9376 9375
8766 8765
8094 8093
2204 2203
7712 7711
2802 2801
7980 7979
8546 8545
7493 7492
2638 2637
1978 1977
7066 7065
3535 3534
183 182
8504 8503
3105 3104
3684 3683
1135 1134
1009 1008
4364 4363
1625 1624
282 281
7014 7013
3661 3660
5866 5865
8758 8757
5457 5456
7643 7642
1546 1545
5975 5974
4285 4284
8694 8693
5301 5300
4419 4418
4900 4899
288 287
5351 5350
6287 6286
1578 1577
5227 5226
3557 3556
5933 5932
9571 9570
4913 4912
7129 7128
5558 5557
8399 8398
540 539
6692 6691
1202 1201
8927 8926
865 864
8846 8845
8847 8846
7078 7077
2340 2339
9043 9042
432 431
4192 4191
3264 3263
2074 2073
1666 1665
9756 9755
9300 9299
2564 2563
9537 9536
349 348
9919 9918
7846 7845
1692 1691
4085 4084
3294 3293
3258 3257
4372 4371
8105 8104
5632 5631
5778 5777
5279 5278
1337 1336
5555 5554
7248 7247
84 83
4291 4290
3033 3032
22 21
6286 6285
3419 3418
7487 7486
9007 9006
7361 7360
3640 3639
2595 2594
7359 7358
7720 7719
9511 9510
1816 1815
9592 9591
3440 3439
3050 3049
86 85
1483 1482
5884 5883
4860 4859
9257 9256
2515 2514
5836 5835
3238 3237
2602 2601
1318 1317
3532 3531
7806 7805
1651 1650
2037 2036
3937 3936
4166 4165
5049 5048
4769 4768
9051 9050
1637 1636
6592 6591
2477 2476
4954 4953
3170 3169
8480 8479
9675 9674
2401 2400
3286 3285
4445 4444
9424 9423
6657 6656
5063 5062
8996 8995
1420 1419
6302 6301
6900 6899
7752 7751
8369 8368
1425 1424
4766 4765
2506 2505
2358 2357
1449 1448
4134 4133
8915 8914
3739 3738
6633 6632
4383 4382
9365 9364
6278 6277
34 33
1627 1626
8852 8851
7683 7682
8122 8121
838 837
9603 9602
2199 2198
2771 2770
8147 8146
501 500
734 733
8716 8715
5218 5217
1167 1166
2786 2785
568 567
6390 6389
6677 6676
7349 7348
3836 3835
9355 9354
4033 4032
105 104
1935 1934
1377 1376
3309 3308
6088 6087
8126 8125
552 551
3998 3997
9795 9794
5645 5644
5250 5249
4227 4226
8513 8512
1973 1972
2344 2343
5829 5828
9787 9786
6500 6499
9972 9971
5028 5027
3692 3691
1208 1207
667 666
9928 9927
8396 8395
9565 9564
1264 1263
9001 9000
286 285
5470 5469
1072 1071
6527 6526
1291 1290
2253 2252
3095 3094
4505 4504
566 565
458 457
2453 2452
1531 1530
8451 8450
6879 6878
2790 2789
1283 1282
2036 2035
6079 6078
9901 9900
4016 4015
2880 2879
4391 4390
7071 7070
3784 3783
9285 9284
1535 1534
6530 6529
2486 2485
8215 8214
7954 7953
2555 2554
5262 5261
1832 1831
3997 3996
5102 5101
6666 6665
4374 4373
6727 6726
8679 8678
209 208
5536 5535
4343 4342
6943 6942
2851 2850
4382 4381
8038 8037
9947 9946
1814 1813
4006 4005
5690 5689
472 471
7924 7923
1063 1062
6575 6574
8169 8168
7344 7343
7566 7565
1305 1304
9990 9989
5251 5250
2482 2481
2893 2892
1452 1451
6934 6933
9059 9058
2752 2751
2686 2685
5493 5492
6410 6409
6773 6772
1099 1098
8070 8069
6312 6311
1198 1197
2265 2264
6370 6369
485 484
2993 2992
1316 1315
2056 2055
6447 6446
8287 8286
9576 9575
7287 7286
2352 2351
8385 8384
8483 8482
7173 7172
2665 2664
