328 328
200 295
559 491
601 11
496 391
581 783
351 688
321 670
316 221
265 785
660 891
316 590
883 851
228 164
601 838
910 881
869 279
946 921
244 527
740 961
684 912
777 774
566 51
947 301
568 418
308 583
892 861
903 914
573 797
700 926
487 411
231 616
902 321
196 670
905 216
27 667
29 10
605 970
452 521
789 419
526 793
56 697
84 387
160 610
47 701
841 982
553 832
84 4
312 322
208 101
840 844
289 191
640 581
851 988
936 556
335 573
265 395
344 569
352 930
803 365
541 471
597 755
451 371
145 31
885 251
167 507
25 385
928 901
717 545
166 620
666 877
538 83
688 463
13 365
416 655
420 681
812 361
187 655
395 620
144 259
722 401
536 855
545 75
104 579
516 787
316 667
888 538
332 604
449 710
300 355
505 916
278 425
298 840
536 406
316 870
377 590
13 683
443 700
120 250
352 261
