0080
0010
0001
0090
0030
0031
0020
0011
0012
0081
0070
0013
0071
0050
0002
0091
0082
0021
0032
0060
0072
0083
0073
0022
0084
0051
0092
0052
0093
0003
0023
0085
0040
0074
0024
0094
0061
0041
0025
0004
0005
0026
0062
0027
0063
0053
0033
0014
0006
0042
0086
0034
0007
0075
0054
0064
0015
0043
0044
0028
0035
0016
0087
0055
0095
0045
0046
0047
0065
0076
0036
0008
0096
0066
0088
0037
0048
0077
0056
0038
0067
0049
0057
0097
0058
0098
0059
0017
0089
0068
0018
0078
0009
0029
0039
0019
0099
0069
0079
ABCDEFGHIJKLMNOPQRSTUVWXYZ
abcdefghijklmnopqrstuvwxyz
áčďéěíňóřšťúůýž
ÁČĎÉĚÍŇÓŘŠŤÚŮÝŽ
ΑΒΓΔΕΖΗΘΙΚΛΜΝΞΟΠΡΣΤΥΦΧΨΩ
αβγδεζηθικλμνξοπρστυφχψω
АБВГДЕЁЖЗИЙКЛМНОПРСТУФХЦЧШЩЪЫЬЭЮЯ
абвгдеёжзийклмнопрстуфхцчшщъыьэюя
