634 125
975 401
695 389
12 878
80 655
316 439
864 156
692 361
466 469
228 794
808 143
750 680
732 15
728 649
994 101
235 81
5 806
600 923
70 104
120 28
249 822
948 840
348 526
708 527
248 876
935 142
807 924
10 515
853 104
378 546
88 847
394 786
194 758
821 476
275 634
729 410
784 294
868 740
125 868
241 911
208 325
81 91
370 290
594 536
614 869
617 101
904 385
794 714
98 540
490 215
220 390
111 932
514 200
820 213
488 20
807 579
659 243
492 763
650 115
231 465
196 993
852 488
975 684
179 349
40 444
682 629
603 615
960 838
130 102
77 421
530 190
578 160
474 225
477 880
442 245
818 928
444 665
351 308
778 901
513 483
761 854
405 148
124 551
811 275
312 599
582 488
367 721
36 971
216 748
206 627
11 865
315 588
81 544
226 353
290 340
536 174
300 433
863 151
691 545
527 9
729 302
351 971
562 654
556 599
546 222
476 120
464 207
703 742
404 265
13 803
234 183
567 415
517 657
287 643
533 631
109 890
893 580
692 686
367 192
847 952
251 838
191 963
437 542
593 295
40 417
254 886
401 376
476 347
